   0.00000000       0.00000000    
   2.51327418E-02  -1.00520393E-02
   5.02654836E-02  -2.00977288E-02
   7.53982216E-02  -3.01307198E-02
  0.100530967      -4.01446894E-02
  0.125663713      -5.01332954E-02
  0.150796458      -6.00902401E-02
  0.175929204      -7.00092316E-02
  0.201061949      -7.98840001E-02
  0.226194695      -8.97083208E-02
  0.251327425      -9.94759649E-02
  0.276460171     -0.109180786    
  0.301592916     -0.118816637    
  0.326725662     -0.128377452    
  0.351858407     -0.137857184    
  0.376991153     -0.147249833    
  0.402123898     -0.156549484    
  0.427256644     -0.165750250    
  0.452389389     -0.174846336    
  0.477522135     -0.183831975    
  0.502654850     -0.192701489    
  0.527787566     -0.201449275    
  0.552920282     -0.210069850    
  0.578052998     -0.218557715    
  0.603185713     -0.226907566    
  0.628318429     -0.235114083    
  0.653451145     -0.243172079    
  0.678583860     -0.251076519    
  0.703716576     -0.258822322    
  0.728849292     -0.266404688    
  0.753982008     -0.273818791    
  0.779114723     -0.281059921    
  0.804247439     -0.288123548    
  0.829380155     -0.295005172    
  0.854512870     -0.301700473    
  0.879645586     -0.308205217    
  0.904778302     -0.314515293    
  0.929911017     -0.320626706    
  0.955043733     -0.326535612    
  0.980176449     -0.332238287    
   1.00530922     -0.337731093    
   1.03044200     -0.343010604    
   1.05557477     -0.348073453    
   1.08070755     -0.352916449    
   1.10584033     -0.357536525    
   1.13097310     -0.361930788    
   1.15610588     -0.366096437    
   1.18123865     -0.370030850    
   1.20637143     -0.373731583    
   1.23150420     -0.377196193    
   1.25663698     -0.380422592    
   1.28176975     -0.383408725    
   1.30690253     -0.386152655    
   1.33203530     -0.388652712    
   1.35716808     -0.390907258    
   1.38230085     -0.392914921    
   1.40743363     -0.394674391    
   1.43256640     -0.396184593    
   1.45769918     -0.397444546    
   1.48283195     -0.398453444    
   1.50796473     -0.399210691    
   1.53309751     -0.399715811    
   1.55823028     -0.399968415    
   1.58336306     -0.399968415    
   1.60849583     -0.399715781    
   1.63362861     -0.399210691    
   1.65876138     -0.398453444    
   1.68389416     -0.397444516    
   1.70902693     -0.396184534    
   1.73415971     -0.394674361    
   1.75929248     -0.392914861    
   1.78442526     -0.390907198    
   1.80955803     -0.388652653    
   1.83469081     -0.386152595    
   1.85982358     -0.383408636    
   1.88495636     -0.380422533    
   1.91008914     -0.377196103    
   1.93522191     -0.373731464    
   1.96035469     -0.370030761    
   1.98548746     -0.366096348    
   2.01062012     -0.361930698    
   2.03575277     -0.357536435    
   2.06088543     -0.352916360    
   2.08601809     -0.348073393    
   2.11115074     -0.343010575    
   2.13628340     -0.337731093    
   2.16141605     -0.332238287    
   2.18654871     -0.326535672    
   2.21168137     -0.320626765    
   2.23681402     -0.314515352    
   2.26194668     -0.308205307    
   2.28707933     -0.301700592    
   2.31221199     -0.295005292    
   2.33734465     -0.288123697    
   2.36247730     -0.281060100    
   2.38760996     -0.273818970    
   2.41274261     -0.266404927    
   2.43787527     -0.258822590    
   2.46300793     -0.251076788    
   2.48814058     -0.243172392    
   2.51327324     -0.235114381    
   2.53840590     -0.226907894    
   2.56353855     -0.218558103    
   2.58867121     -0.210070238    
   2.61380386     -0.201449707    
   2.63893652     -0.192701921    
   2.66406918     -0.183832452    
   2.68920183     -0.174846843    
   2.71433449     -0.165750802    
   2.73946714     -0.156550080    
   2.76459980     -0.147250459    
   2.78973246     -0.137857854    
   2.81486511     -0.128378168    
   2.83999777     -0.118817389    
   2.86513042     -0.109181575    
   2.89026308      -9.94767919E-02
   2.91539574      -8.97091851E-02
   2.94052839      -7.98849091E-02
   2.96566105      -7.00101778E-02
   2.99079370      -6.00912273E-02
   3.01592636      -5.01343198E-02
   3.04105902      -4.01457511E-02
   3.06619167      -3.01318225E-02
   3.09132433      -2.00988632E-02
   3.11645699      -1.00532090E-02
   3.14158964      -1.20480752E-06
   3.16672230       1.00507997E-02
   3.19185495       2.00964566E-02
   3.21698761       3.01294178E-02
   3.24212027       4.01433520E-02
   3.26725292       5.01319282E-02
   3.29238558       6.00888431E-02
   3.31751823       7.00078011E-02
   3.34265089       7.98825473E-02
   3.36778355       8.97068307E-02
   3.39291620       9.94744599E-02
   3.41804886      0.109179258    
   3.44318151      0.118815087    
   3.46831417      0.128375888    
   3.49344683      0.137855589    
   3.51857948      0.147248223    
   3.54371214      0.156547859    
   3.56884480      0.165748611    
   3.59397745      0.174844667    
   3.61911011      0.183830306    
   3.64424276      0.192699820    
   3.66937542      0.201447636    
   3.69450808      0.210068181    
   3.71964073      0.218556076    
   3.74477339      0.226905927    
   3.76990604      0.235112429    
   3.79503870      0.243170455    
   3.82017136      0.251074880    
   3.84530401      0.258820742    
   3.87043667      0.266403109    
   3.89556932      0.273817241    
   3.92070198      0.281058401    
   3.94583464      0.288122028    
   3.97096729      0.295003682    
   3.99609995      0.301699013    
   4.02123260      0.308203787    
   4.04636526      0.314513892    
   4.07149792      0.320625335    
   4.09663057      0.326534241    
   4.12176323      0.332236975    
   4.14689589      0.337729782    
   4.17202854      0.343009323    
   4.19716120      0.348072201    
   4.22229385      0.352915257    
   4.24742651      0.357535362    
   4.27255917      0.361929655    
   4.29769182      0.366095364    
   4.32282448      0.370029807    
   4.34795713      0.373730570    
   4.37308979      0.377195269    
   4.39822245      0.380421728    
   4.42335510      0.383407891    
   4.44848776      0.386151880    
   4.47362041      0.388651997    
   4.49875307      0.390906602    
   4.52388573      0.392914325    
   4.54901838      0.394673884    
   4.57415104      0.396184146    
   4.59928370      0.397444189    
   4.62441635      0.398453176    
   4.64954901      0.399210483    
   4.67468166      0.399715662    
   4.69981432      0.399968386    
   4.72494698      0.399968475    
   4.75007963      0.399715930    
   4.77521229      0.399210900    
   4.80034494      0.398453742    
   4.82547760      0.397444934    
   4.85061026      0.396185070    
   4.87574291      0.394674957    
   4.90087557      0.392915577    
   4.92600822      0.390908033    
   4.95114088      0.388653576    
   4.97627354      0.386153638    
   5.00140619      0.383409798    
   5.02653885      0.380423754    
   5.05167150      0.377197474    
   5.07680416      0.373732954    
   5.10193682      0.370032370    
   5.12706947      0.366098046    
   5.15220213      0.361932486    
   5.17733479      0.357538342    
   5.20246744      0.352918357    
   5.22760010      0.348075479    
   5.25273275      0.343012780    
   5.27786541      0.337733358    
   5.30299807      0.332240671    
   5.32813072      0.326538116    
   5.35326338      0.320629328    
   5.37839603      0.314518005    
   5.40352869      0.308208019    
   5.42866135      0.301703393    
   5.45379400      0.295008183    
   5.47892666      0.288126647    
   5.50405931      0.281063139    
   5.52919197      0.273822069    
   5.55432463      0.266408086    
   5.57945728      0.258825839    
   5.60458994      0.251080096    
   5.62972260      0.243175745    
   5.65485525      0.235117838    
   5.67998791      0.226911411    
   5.70512056      0.218561649    
   5.73025322      0.210073858    
   5.75538588      0.201453373    
   5.78051853      0.192705661    
   5.80565119      0.183836222    
   5.83078384      0.174850672    
   5.85591650      0.165754676    
   5.88104916      0.156553999    
   5.90618181      0.147254422    
   5.93131447      0.137861848    
   5.95644712      0.128382191    
   5.98157978      0.118821457    
   6.00671244      0.109185673    
   6.03184509       9.94809195E-02
   6.05697775       8.97133276E-02
   6.08211040       7.98890814E-02
   6.10724306       7.00143650E-02
   6.13237572       6.00954369E-02
   6.15750837       5.01385443E-02
   6.18264103       4.01499830E-02
   6.20777369       3.01360674E-02
   6.23290634       2.01031137E-02
   6.25803900       1.00574633E-02
   6.28317165       5.46137289E-06
   6.30830431      -1.00465445E-02
   6.33343697      -2.00922042E-02
   6.35856962      -3.01251747E-02
   6.38370228      -4.01391201E-02
   6.40883493      -5.01277111E-02
   6.43396759      -6.00846373E-02
   6.45910025      -7.00036138E-02
   6.48423290      -7.98783749E-02
   6.50936556      -8.97026882E-02
   6.53449821      -9.94703397E-02
   6.55963087     -0.109175161    
   6.58476353     -0.118811026    
   6.60989618     -0.128371850    
   6.63502884     -0.137851596    
   6.66016150     -0.147244260    
   6.68529415     -0.156543940    
   6.71042681     -0.165744737    
   6.73555946     -0.174840853    
   6.76069212     -0.183826521    
   6.78582478     -0.192696080    
   6.81095743     -0.201443940    
   6.83609009     -0.210064575    
   6.86122274     -0.218552515    
   6.88635540     -0.226902410    
   6.91148806     -0.235109001    
   6.93662071     -0.243167087    
   6.96175337     -0.251071572    
   6.98688602     -0.258817494    
   7.01201868     -0.266399950    
   7.03715134     -0.273814112    
   7.06228399     -0.281055361    
   7.08741665     -0.288119048    
   7.11254930     -0.295000792    
   7.13768196     -0.301696211    
   7.16281462     -0.308201045    
   7.18794727     -0.314511269    
   7.21307993     -0.320622772    
   7.23821259     -0.326531798    
   7.26334524     -0.332234591    
   7.28847790     -0.337727517    
   7.31361055     -0.343007147    
   7.33874321     -0.348070115    
   7.36387587     -0.352913231    
   7.38900852     -0.357533455    
   7.41414118     -0.361927837    
   7.43927383     -0.366093636    
   7.46440649     -0.370028228    
   7.48953915     -0.373729050    
   7.51467180     -0.377193838    
   7.53980446     -0.380420417    
   7.56493711     -0.383406669    
   7.59006977     -0.386150777    
   7.61520243     -0.388650984    
   7.64033508     -0.390905708    
   7.66546774     -0.392913550    
   7.69060040     -0.394673198    
   7.71573305     -0.396183550    
   7.74086571     -0.397443682    
   7.76599836     -0.398452789    
   7.79113102     -0.399210215    
   7.81626368     -0.399715513    
   7.84139633     -0.399968326    
   7.86652899     -0.399968505    
   7.89166164     -0.399716079    
   7.91679430     -0.399211168    
   7.94192696     -0.398454130    
   7.96705961     -0.397445410    
   7.99219227     -0.396185637    
   8.01732540     -0.394675612    
   8.04245853     -0.392916292    
   8.06759167     -0.390908808    
   8.09272480     -0.388654381    
   8.11785793     -0.386154503    
   8.14299107     -0.383410662    
   8.16812420     -0.380424678    
   8.19325733     -0.377198398    
   8.21839046     -0.373733848    
   8.24352360     -0.370033234    
   8.26865673     -0.366098911    
   8.29378986     -0.361933321    
   8.31892300     -0.357539147    
   8.34405613     -0.352919132    
   8.36918926     -0.348076195    
   8.39432240     -0.343013376    
   8.41945553     -0.337733924    
   8.44458866     -0.332241148    
   8.46972179     -0.326538473    
   8.49485493     -0.320629567    
   8.51998806     -0.314518154    
   8.54512119     -0.308208078    
   8.57025433     -0.301703304    
   8.59538746     -0.295007974    
   8.62052059     -0.288126290    
   8.64565372     -0.281062633    
   8.67078686     -0.273821443    
   8.69591999     -0.266407281    
   8.72105312     -0.258824855    
   8.74618626     -0.251078933    
   8.77131939     -0.243174434    
   8.79645252     -0.235116348    
   8.82158566     -0.226909742    
   8.84671879     -0.218559787    
   8.87185192     -0.210071802    
   8.89698505     -0.201451138    
   8.92211819     -0.192703202    
   8.94725132     -0.183833569    
   8.97238445     -0.174847811    
   8.99751759     -0.165751621    
   9.02265072     -0.156550720    
   9.04778385     -0.147250935    
   9.07291698     -0.137858137    
   9.09805012     -0.128378287    
   9.12318325     -0.118817329    
   9.14831638     -0.109181322    
   9.17344952      -9.94763598E-02
   9.19858265      -8.97085592E-02
   9.22371578      -7.98840895E-02
   9.24884892      -7.00091645E-02
   9.27398205      -6.00900240E-02
   9.29911518      -5.01329266E-02
   9.32424831      -4.01441604E-02
   9.34938145      -3.01300418E-02
   9.37451458      -2.00968888E-02
   9.39964771      -1.00510409E-02
   9.42478085       1.15394903E-06
   9.44991398       1.00533487E-02
   9.47504711       2.00991929E-02
   9.50018024       3.01323421E-02
   9.52531338       4.01464589E-02
   9.55044651       5.01352139E-02
   9.57557964       6.00923076E-02
   9.60071278       7.00114369E-02
   9.62584591       7.98863545E-02
   9.65097904       8.97108018E-02
   9.67611217       9.94785950E-02
   9.70124531      0.109183542    
   9.72637844      0.118819535    
   9.75151157      0.128380463    
   9.77664471      0.137860313    
   9.80177784      0.147253081    
   9.82691097      0.156552836    
   9.85204411      0.165753707    
   9.87717724      0.174849883    
   9.90231037      0.183835611    
   9.92744350      0.192705229    
   9.95257664      0.201453120    
   9.97770977      0.210073754    
   10.0028429      0.218561724    
   10.0279760      0.226911619    
   10.0531092      0.235118195    
   10.0782423      0.243176267    
   10.1033754      0.251080722    
   10.1285086      0.258826613    
   10.1536417      0.266409010    
   10.1787748      0.273823112    
   10.2039080      0.281064272    
   10.2290411      0.288127899    
   10.2541742      0.295009524    
   10.2793074      0.301704824    
   10.3044405      0.308209538    
   10.3295736      0.314519584    
   10.3547068      0.320630968    
   10.3798399      0.326539814    
   10.4049730      0.332242399    
   10.4301062      0.337735146    
   10.4552393      0.343014568    
   10.4803724      0.348077327    
   10.5055056      0.352920204    
   10.5306387      0.357540190    
   10.5557718      0.361934304    
   10.5809050      0.366099834    
   10.6060381      0.370034128    
   10.6311712      0.373734683    
   10.6563044      0.377199143    
   10.6814375      0.380425394    
   10.7065706      0.383411318    
   10.7317038      0.386155099    
   10.7568369      0.388654917    
   10.7819700      0.390909284    
   10.8071032      0.392916739    
   10.8322363      0.394676000    
   10.8573694      0.396185964    
   10.8825026      0.397445679    
   10.9076357      0.398454368    
   10.9327688      0.399211377    
   10.9579020      0.399716198    
   10.9830351      0.399968565    
   11.0081682      0.399968296    
   11.0333014      0.399715394    
   11.0584345      0.399209976    
   11.0835676      0.398452431    
   11.1087008      0.397443205    
   11.1338339      0.396182954    
   11.1589670      0.394672453    
   11.1841002      0.392912626    
   11.2092333      0.390904635    
   11.2343664      0.388649762    
   11.2594995      0.386149377    
   11.2846327      0.383405089    
   11.3097658      0.380418628    
   11.3348989      0.377191871    
   11.3600321      0.373726875    
   11.3851652      0.370025814    
   11.4102983      0.366091013    
   11.4354315      0.361924976    
   11.4605646      0.357530355    
   11.4856977      0.352909893    
   11.5108309      0.348066539    
   11.5359640      0.343003303    
   11.5610971      0.337723434    
   11.5862303      0.332230210    
   11.6113634      0.326527178    
   11.6364965      0.320617884    
   11.6616297      0.314506054    
   11.6867628      0.308195561    
   11.7118959      0.301690429    
   11.7370291      0.294994742    
   11.7621622      0.288112730    
   11.7872953      0.281048685    
   11.8124285      0.273807138    
   11.8375616      0.266392678    
   11.8626947      0.258809924    
   11.8878279      0.251063704    
   11.9129610      0.243158892    
   11.9380941      0.235100493    
   11.9632273      0.226893589    
   11.9883604      0.218543395    
   12.0134935      0.210055143    
   12.0386267      0.201434210    
   12.0637598      0.192686051    
   12.0888929      0.183816180    
   12.1140261      0.174830183    
   12.1391592      0.165733784    
   12.1642923      0.156532690    
   12.1894255      0.147232726    
   12.2145586      0.137839764    
   12.2396917      0.128359735    
   12.2648249      0.118798628    
   12.2899580      0.109162487    
   12.3150911       9.94573832E-02
   12.3402243       8.96894708E-02
   12.3653574       7.98649043E-02
   12.3904905       6.99898824E-02
   12.4156237       6.00706637E-02
   12.4407568       5.01134954E-02
   12.4658899       4.01246771E-02
   12.4910231       3.01105119E-02
   12.5161562       2.00773273E-02
   12.5412893       1.00314626E-02
