   0.00000000      -3.72529030E-09
   3.99999990E-04  -3.72529030E-09
   7.99999980E-04   3.72529030E-09
   1.19999994E-03  -3.72529030E-09
   1.59999996E-03  -3.72529030E-09
   1.99999986E-03   0.00000000    
   2.39999988E-03   3.72529030E-09
   2.79999990E-03  -3.72529030E-09
   3.19999992E-03  -3.72529030E-09
   3.59999994E-03   0.00000000    
   3.99999972E-03   0.00000000    
   4.39999951E-03   0.00000000    
   4.79999930E-03   0.00000000    
   5.19999908E-03  -3.72529030E-09
   5.59999887E-03  -3.72529030E-09
   5.99999866E-03  -3.72529030E-09
   6.39999844E-03   0.00000000    
   6.79999823E-03  -3.72529030E-09
   7.19999801E-03   0.00000000    
   7.59999780E-03   0.00000000    
   7.99999759E-03   0.00000000    
   8.39999784E-03  -7.45058060E-09
   8.79999809E-03  -7.45058060E-09
   9.19999834E-03  -3.72529030E-09
   9.59999859E-03  -3.72529030E-09
   9.99999885E-03   0.00000000    
   1.03999991E-02   0.00000000    
   1.07999993E-02   0.00000000    
   1.11999996E-02   0.00000000    
   1.15999999E-02   0.00000000    
   1.20000001E-02  -3.72529030E-09
   1.24000004E-02   0.00000000    
   1.28000006E-02  -3.72529030E-09
   1.32000009E-02  -3.72529030E-09
   1.36000011E-02   0.00000000    
   1.40000014E-02  -7.45058060E-09
   1.44000016E-02  -3.72529030E-09
   1.48000019E-02   0.00000000    
   1.52000021E-02  -7.45058060E-09
   1.56000024E-02   0.00000000    
   1.60000026E-02  -3.72529030E-09
   1.64000019E-02   0.00000000    
   1.68000013E-02  -3.72529030E-09
   1.72000006E-02  -3.72529030E-09
   1.75999999E-02  -3.72529030E-09
   1.79999992E-02  -3.72529030E-09
   1.83999985E-02  -3.72529030E-09
   1.87999979E-02  -3.72529030E-09
   1.91999972E-02   0.00000000    
   1.95999965E-02   0.00000000    
   1.99999958E-02   3.72529030E-09
   2.03999951E-02   3.72529030E-09
   2.07999945E-02  -3.72529030E-09
   2.11999938E-02  -3.72529030E-09
   2.15999931E-02  -7.45058060E-09
   2.19999924E-02   0.00000000    
   2.23999918E-02   0.00000000    
   2.27999911E-02  -3.72529030E-09
   2.31999904E-02  -3.72529030E-09
   2.35999897E-02   0.00000000    
   2.39999890E-02  -3.72529030E-09
   2.43999884E-02  -3.72529030E-09
   2.47999877E-02  -3.72529030E-09
   2.51999870E-02  -3.72529030E-09
   2.55999863E-02   0.00000000    
   2.59999856E-02   0.00000000    
   2.63999850E-02   0.00000000    
   2.67999843E-02   0.00000000    
   2.71999836E-02  -3.72529030E-09
   2.75999829E-02   0.00000000    
   2.79999822E-02   0.00000000    
   2.83999816E-02   0.00000000    
   2.87999809E-02   0.00000000    
   2.91999802E-02  -3.72529030E-09
   2.95999795E-02  -3.72529030E-09
   2.99999788E-02   0.00000000    
   3.03999782E-02   0.00000000    
   3.07999775E-02   0.00000000    
   3.11999768E-02   0.00000000    
   3.15999761E-02   0.00000000    
   3.19999754E-02  -3.72529030E-09
   3.23999748E-02   0.00000000    
   3.27999741E-02  -3.72529030E-09
   3.31999734E-02   3.72529030E-09
   3.35999727E-02  -3.72529030E-09
   3.39999720E-02   0.00000000    
   3.43999714E-02  -3.72529030E-09
   3.47999707E-02   0.00000000    
   3.51999700E-02  -3.72529030E-09
   3.55999693E-02  -3.72529030E-09
   3.59999686E-02  -3.72529030E-09
   3.63999680E-02   0.00000000    
   3.67999673E-02   0.00000000    
   3.71999666E-02  -7.45058060E-09
   3.75999659E-02  -3.72529030E-09
   3.79999653E-02   0.00000000    
   3.83999646E-02  -3.72529030E-09
   3.87999639E-02   0.00000000    
   3.91999632E-02  -3.72529030E-09
   3.95999625E-02  -3.72529030E-09
   3.99999619E-02   0.00000000    
   4.03999612E-02   0.00000000    
   4.07999605E-02  -7.45058060E-09
   4.11999598E-02  -3.72529030E-09
   4.15999591E-02  -3.72529030E-09
   4.19999585E-02   0.00000000    
   4.23999578E-02   0.00000000    
   4.27999571E-02   0.00000000    
   4.31999564E-02  -3.72529030E-09
   4.35999557E-02  -3.72529030E-09
   4.39999551E-02  -3.72529030E-09
   4.43999544E-02   0.00000000    
   4.47999537E-02  -7.45058060E-09
   4.51999530E-02   0.00000000    
   4.55999523E-02  -3.72529030E-09
   4.59999517E-02   0.00000000    
   4.63999510E-02  -3.72529030E-09
   4.67999503E-02  -3.72529030E-09
   4.71999496E-02   3.72529030E-09
   4.75999489E-02  -3.72529030E-09
   4.79999483E-02  -3.72529030E-09
   4.83999476E-02  -3.72529030E-09
   4.87999469E-02   0.00000000    
   4.91999462E-02   0.00000000    
   4.95999455E-02   0.00000000    
   4.99999449E-02  -3.72529030E-09
   5.03999442E-02  -3.72529030E-09
   5.07999435E-02   0.00000000    
   5.11999428E-02  -3.72529030E-09
   5.15999421E-02   0.00000000    
   5.19999415E-02   0.00000000    
   5.23999408E-02  -3.72529030E-09
   5.27999401E-02   0.00000000    
   5.31999394E-02  -3.72529030E-09
   5.35999388E-02   0.00000000    
   5.39999381E-02  -3.72529030E-09
   5.43999374E-02   0.00000000    
   5.47999367E-02  -3.72529030E-09
   5.51999360E-02   0.00000000    
   5.55999354E-02  -3.72529030E-09
   5.59999347E-02   0.00000000    
   5.63999340E-02  -3.72529030E-09
   5.67999333E-02   3.72529030E-09
   5.71999326E-02  -3.72529030E-09
   5.75999320E-02   0.00000000    
   5.79999313E-02  -3.72529030E-09
   5.83999306E-02   0.00000000    
   5.87999299E-02  -3.72529030E-09
   5.91999292E-02  -7.45058060E-09
   5.95999286E-02  -3.72529030E-09
   5.99999279E-02   0.00000000    
   6.03999272E-02  -3.72529030E-09
   6.07999265E-02   0.00000000    
   6.11999258E-02   3.72529030E-09
   6.15999252E-02  -3.72529030E-09
   6.19999245E-02   3.72529030E-09
   6.23999238E-02  -3.72529030E-09
   6.27999231E-02  -3.72529030E-09
   6.31999224E-02   0.00000000    
   6.35999218E-02   0.00000000    
   6.39999211E-02  -3.72529030E-09
   6.43999204E-02  -3.72529030E-09
   6.47999197E-02   0.00000000    
   6.51999190E-02  -3.72529030E-09
   6.55999184E-02   0.00000000    
   6.59999177E-02  -3.72529030E-09
   6.63999170E-02  -3.72529030E-09
   6.67999163E-02  -3.72529030E-09
   6.71999156E-02  -3.72529030E-09
   6.75999150E-02   0.00000000    
   6.79999143E-02   0.00000000    
   6.83999136E-02  -3.72529030E-09
   6.87999129E-02   0.00000000    
   6.91999123E-02  -7.45058060E-09
   6.95999116E-02   0.00000000    
   6.99999109E-02   0.00000000    
   7.03999102E-02  -3.72529030E-09
   7.07999095E-02   0.00000000    
   7.11999089E-02  -3.72529030E-09
   7.15999082E-02  -3.72529030E-09
   7.19999075E-02   0.00000000    
   7.23999068E-02   0.00000000    
   7.27999061E-02   0.00000000    
   7.31999055E-02  -3.72529030E-09
   7.35999048E-02  -3.72529030E-09
   7.39999041E-02  -3.72529030E-09
   7.43999034E-02  -3.72529030E-09
   7.47999027E-02  -3.72529030E-09
   7.51999021E-02   3.72529030E-09
   7.55999014E-02  -3.72529030E-09
   7.59999007E-02   0.00000000    
   7.63999000E-02   0.00000000    
   7.67998993E-02   0.00000000    
   7.71998987E-02  -3.72529030E-09
   7.75998980E-02  -3.72529030E-09
   7.79998973E-02  -3.72529030E-09
   7.83998966E-02  -3.72529030E-09
   7.87998959E-02  -3.72529030E-09
   7.91998953E-02   0.00000000    
   7.95998946E-02  -3.72529030E-09
   7.99998939E-02  -3.72529030E-09
   8.03998932E-02  -3.72529030E-09
   8.07998925E-02  -3.72529030E-09
   8.11998919E-02  -7.45058060E-09
   8.15998912E-02   0.00000000    
   8.19998905E-02  -3.72529030E-09
   8.23998898E-02  -3.72529030E-09
   8.27998891E-02   0.00000000    
   8.31998885E-02   0.00000000    
   8.35998878E-02   3.72529030E-09
   8.39998871E-02  -3.72529030E-09
   8.43998864E-02   0.00000000    
   8.47998857E-02  -7.45058060E-09
   8.51998851E-02  -3.72529030E-09
   8.55998844E-02  -7.45058060E-09
   8.59998837E-02  -3.72529030E-09
   8.63998830E-02  -3.72529030E-09
   8.67998824E-02  -7.45058060E-09
   8.71998817E-02  -3.72529030E-09
   8.75998810E-02  -7.45058060E-09
   8.79998803E-02  -3.72529030E-09
   8.83998796E-02   0.00000000    
   8.87998790E-02  -3.72529030E-09
   8.91998783E-02  -7.45058060E-09
   8.95998776E-02  -3.72529030E-09
   8.99998769E-02  -3.72529030E-09
   9.03998762E-02  -3.72529030E-09
   9.07998756E-02  -7.45058060E-09
   9.11998749E-02  -3.72529030E-09
   9.15998742E-02  -3.72529030E-09
   9.19998735E-02  -3.72529030E-09
   9.23998728E-02  -3.72529030E-09
   9.27998722E-02  -3.72529030E-09
   9.31998715E-02   0.00000000    
   9.35998708E-02  -3.72529030E-09
   9.39998701E-02  -3.72529030E-09
   9.43998694E-02  -3.72529030E-09
   9.47998688E-02  -3.72529030E-09
   9.51998681E-02  -3.72529030E-09
   9.55998674E-02  -3.72529030E-09
   9.59998667E-02   0.00000000    
   9.63998660E-02   0.00000000    
   9.67998654E-02   0.00000000    
   9.71998647E-02  -3.72529030E-09
   9.75998640E-02  -3.72529030E-09
   9.79998633E-02   0.00000000    
   9.83998626E-02  -3.72529030E-09
   9.87998620E-02  -3.72529030E-09
   9.91998613E-02   0.00000000    
   9.95998606E-02   0.00000000    
   9.99998599E-02   0.00000000    
  0.100399859      -7.45058060E-09
  0.100799859      -7.45058060E-09
  0.101199858      -3.72529030E-09
  0.101599857       0.00000000    
  0.101999857      -3.72529030E-09
  0.102399856      -3.72529030E-09
  0.102799855      -3.72529030E-09
  0.103199854       0.00000000    
  0.103599854      -3.72529030E-09
  0.103999853      -3.72529030E-09
  0.104399852      -3.72529030E-09
  0.104799852      -3.72529030E-09
  0.105199851       0.00000000    
  0.105599850       0.00000000    
  0.105999850      -3.72529030E-09
  0.106399849       3.72529030E-09
  0.106799848       0.00000000    
  0.107199848      -3.72529030E-09
  0.107599847       0.00000000    
  0.107999846       0.00000000    
  0.108399846      -3.72529030E-09
  0.108799845      -3.72529030E-09
  0.109199844       3.72529030E-09
  0.109599844      -3.72529030E-09
  0.109999843      -3.72529030E-09
  0.110399842       0.00000000    
  0.110799842       0.00000000    
  0.111199841      -3.72529030E-09
  0.111599840       0.00000000    
  0.111999840      -3.72529030E-09
  0.112399839       0.00000000    
  0.112799838       0.00000000    
  0.113199838       3.72529030E-09
  0.113599837      -3.72529030E-09
  0.113999836      -3.72529030E-09
  0.114399835      -3.72529030E-09
  0.114799835      -3.72529030E-09
  0.115199834      -3.72529030E-09
  0.115599833      -3.72529030E-09
  0.115999833       0.00000000    
  0.116399832       0.00000000    
  0.116799831       0.00000000    
  0.117199831       3.72529030E-09
  0.117599830       0.00000000    
  0.117999829      -3.72529030E-09
  0.118399829      -3.72529030E-09
  0.118799828      -3.72529030E-09
  0.119199827       0.00000000    
  0.119599827       0.00000000    
  0.119999826      -3.72529030E-09
  0.120399825       3.72529030E-09
  0.120799825      -3.72529030E-09
  0.121199824       0.00000000    
  0.121599823       0.00000000    
  0.121999823      -3.72529030E-09
  0.122399822      -3.72529030E-09
  0.122799821      -3.72529030E-09
  0.123199821       0.00000000    
  0.123599820       0.00000000    
  0.123999819      -7.45058060E-09
  0.124399818      -3.72529030E-09
  0.124799818       0.00000000    
  0.125199825       0.00000000    
  0.125599831       0.00000000    
  0.125999838      -3.72529030E-09
  0.126399845      -3.72529030E-09
  0.126799852       0.00000000    
  0.127199858       0.00000000    
  0.127599865      -3.72529030E-09
  0.127999872      -3.72529030E-09
  0.128399879       0.00000000    
  0.128799886      -7.45058060E-09
  0.129199892       0.00000000    
  0.129599899       0.00000000    
  0.129999906      -3.72529030E-09
  0.130399913      -3.72529030E-09
  0.130799919       0.00000000    
  0.131199926      -3.72529030E-09
  0.131599933       0.00000000    
  0.131999940       0.00000000    
  0.132399946      -7.45058060E-09
  0.132799953      -3.72529030E-09
  0.133199960       0.00000000    
  0.133599967       3.72529030E-09
  0.133999974       3.72529030E-09
  0.134399980      -3.72529030E-09
  0.134799987       0.00000000    
  0.135199994      -3.72529030E-09
  0.135600001      -3.72529030E-09
  0.136000007      -3.72529030E-09
  0.136400014       0.00000000    
  0.136800021       0.00000000    
  0.137200028      -3.72529030E-09
  0.137600034       0.00000000    
  0.138000041       0.00000000    
  0.138400048       0.00000000    
  0.138800055      -3.72529030E-09
  0.139200062      -3.72529030E-09
  0.139600068       3.72529030E-09
  0.140000075       0.00000000    
  0.140400082      -3.72529030E-09
  0.140800089      -3.72529030E-09
  0.141200095      -7.45058060E-09
  0.141600102      -3.72529030E-09
  0.142000109       0.00000000    
  0.142400116       0.00000000    
  0.142800122      -3.72529030E-09
  0.143200129      -3.72529030E-09
  0.143600136       0.00000000    
  0.144000143      -3.72529030E-09
  0.144400150      -3.72529030E-09
  0.144800156       0.00000000    
  0.145200163      -3.72529030E-09
  0.145600170       0.00000000    
  0.146000177       0.00000000    
  0.146400183      -3.72529030E-09
  0.146800190       0.00000000    
  0.147200197       0.00000000    
  0.147600204       0.00000000    
  0.148000211       0.00000000    
  0.148400217       0.00000000    
  0.148800224       0.00000000    
  0.149200231       0.00000000    
  0.149600238      -3.72529030E-09
  0.150000244      -3.72529030E-09
  0.150400251       0.00000000    
  0.150800258       0.00000000    
  0.151200265      -3.72529030E-09
  0.151600271      -3.72529030E-09
  0.152000278      -3.72529030E-09
  0.152400285      -3.72529030E-09
  0.152800292      -3.72529030E-09
  0.153200299       0.00000000    
  0.153600305      -3.72529030E-09
  0.154000312       0.00000000    
  0.154400319       0.00000000    
  0.154800326       0.00000000    
  0.155200332       0.00000000    
  0.155600339       0.00000000    
  0.156000346       0.00000000    
  0.156400353       0.00000000    
  0.156800359       0.00000000    
  0.157200366      -3.72529030E-09
  0.157600373      -3.72529030E-09
  0.158000380      -7.45058060E-09
  0.158400387       0.00000000    
  0.158800393      -3.72529030E-09
  0.159200400       0.00000000    
  0.159600407       3.72529030E-09
  0.160000414       0.00000000    
  0.160400420       0.00000000    
  0.160800427       0.00000000    
  0.161200434       0.00000000    
  0.161600441       3.72529030E-09
  0.162000448       0.00000000    
  0.162400454      -3.72529030E-09
  0.162800461      -3.72529030E-09
  0.163200468       0.00000000    
  0.163600475      -3.72529030E-09
  0.164000481      -3.72529030E-09
  0.164400488       0.00000000    
  0.164800495      -3.72529030E-09
  0.165200502       0.00000000    
  0.165600508      -3.72529030E-09
  0.166000515      -3.72529030E-09
  0.166400522      -3.72529030E-09
  0.166800529      -3.72529030E-09
  0.167200536      -7.45058060E-09
  0.167600542       0.00000000    
  0.168000549      -3.72529030E-09
  0.168400556      -7.45058060E-09
  0.168800563       0.00000000    
  0.169200569       0.00000000    
  0.169600576      -3.72529030E-09
  0.170000583      -3.72529030E-09
  0.170400590       0.00000000    
  0.170800596       0.00000000    
  0.171200603      -3.72529030E-09
  0.171600610       0.00000000    
  0.172000617      -3.72529030E-09
  0.172400624      -3.72529030E-09
  0.172800630      -3.72529030E-09
  0.173200637       3.72529030E-09
  0.173600644      -7.45058060E-09
  0.174000651      -3.72529030E-09
  0.174400657      -7.45058060E-09
  0.174800664      -3.72529030E-09
  0.175200671      -3.72529030E-09
  0.175600678       0.00000000    
  0.176000684       0.00000000    
  0.176400691      -3.72529030E-09
  0.176800698      -3.72529030E-09
  0.177200705       0.00000000    
  0.177600712      -3.72529030E-09
  0.178000718       0.00000000    
  0.178400725       0.00000000    
  0.178800732      -3.72529030E-09
  0.179200739      -3.72529030E-09
  0.179600745       0.00000000    
  0.180000752      -3.72529030E-09
  0.180400759       0.00000000    
  0.180800766      -3.72529030E-09
  0.181200773       0.00000000    
  0.181600779       0.00000000    
  0.182000786      -3.72529030E-09
  0.182400793       0.00000000    
  0.182800800      -7.45058060E-09
  0.183200806      -3.72529030E-09
  0.183600813       0.00000000    
  0.184000820       0.00000000    
  0.184400827       0.00000000    
  0.184800833      -3.72529030E-09
  0.185200840       0.00000000    
  0.185600847      -3.72529030E-09
  0.186000854      -3.72529030E-09
  0.186400861      -3.72529030E-09
  0.186800867       0.00000000    
  0.187200874      -3.72529030E-09
  0.187600881       0.00000000    
  0.188000888       0.00000000    
  0.188400894       3.72529030E-09
  0.188800901      -7.45058060E-09
  0.189200908       0.00000000    
  0.189600915      -3.72529030E-09
  0.190000921      -3.72529030E-09
  0.190400928       0.00000000    
  0.190800935      -3.72529030E-09
  0.191200942      -3.72529030E-09
  0.191600949       3.72529030E-09
  0.192000955      -3.72529030E-09
  0.192400962      -3.72529030E-09
  0.192800969      -3.72529030E-09
  0.193200976      -7.45058060E-09
  0.193600982       0.00000000    
  0.194000989      -7.45058060E-09
  0.194400996      -3.72529030E-09
  0.194801003      -3.72529030E-09
  0.195201010      -3.72529030E-09
  0.195601016       0.00000000    
  0.196001023       0.00000000    
  0.196401030      -3.72529030E-09
  0.196801037      -3.72529030E-09
  0.197201043       0.00000000    
  0.197601050      -3.72529030E-09
  0.198001057      -3.72529030E-09
  0.198401064       0.00000000    
  0.198801070      -3.72529030E-09
  0.199201077       0.00000000    
  0.199601084       0.00000000    
  0.200001091      -3.72529030E-09
  0.200401098       0.00000000    
  0.200801104      -3.72529030E-09
  0.201201111       0.00000000    
  0.201601118       0.00000000    
  0.202001125       0.00000000    
  0.202401131       0.00000000    
  0.202801138      -3.72529030E-09
  0.203201145       0.00000000    
  0.203601152      -3.72529030E-09
  0.204001158       0.00000000    
  0.204401165      -3.72529030E-09
  0.204801172      -3.72529030E-09
  0.205201179       3.72529030E-09
  0.205601186      -3.72529030E-09
  0.206001192      -3.72529030E-09
  0.206401199       0.00000000    
  0.206801206      -3.72529030E-09
  0.207201213      -3.72529030E-09
  0.207601219      -3.72529030E-09
  0.208001226      -3.72529030E-09
  0.208401233       0.00000000    
  0.208801240       0.00000000    
  0.209201247      -3.72529030E-09
  0.209601253      -7.45058060E-09
  0.210001260      -3.72529030E-09
  0.210401267      -3.72529030E-09
  0.210801274      -3.72529030E-09
  0.211201280      -3.72529030E-09
  0.211601287      -3.72529030E-09
  0.212001294       0.00000000    
  0.212401301      -3.72529030E-09
  0.212801307      -3.72529030E-09
  0.213201314       0.00000000    
  0.213601321       0.00000000    
  0.214001328      -3.72529030E-09
  0.214401335      -3.72529030E-09
  0.214801341      -3.72529030E-09
  0.215201348      -3.72529030E-09
  0.215601355       0.00000000    
  0.216001362      -3.72529030E-09
  0.216401368       0.00000000    
  0.216801375      -3.72529030E-09
  0.217201382       0.00000000    
  0.217601389      -3.72529030E-09
  0.218001395      -3.72529030E-09
  0.218401402      -3.72529030E-09
  0.218801409      -3.72529030E-09
  0.219201416      -3.72529030E-09
  0.219601423       0.00000000    
  0.220001429      -3.72529030E-09
  0.220401436      -3.72529030E-09
  0.220801443      -3.72529030E-09
  0.221201450      -3.72529030E-09
  0.221601456      -3.72529030E-09
  0.222001463       0.00000000    
  0.222401470       0.00000000    
  0.222801477       0.00000000    
  0.223201483       0.00000000    
  0.223601490       0.00000000    
  0.224001497      -3.72529030E-09
  0.224401504       3.72529030E-09
  0.224801511      -3.72529030E-09
  0.225201517       0.00000000    
  0.225601524      -3.72529030E-09
  0.226001531       0.00000000    
  0.226401538       0.00000000    
  0.226801544       3.72529030E-09
  0.227201551      -7.45058060E-09
  0.227601558       0.00000000    
  0.228001565       3.72529030E-09
  0.228401572       0.00000000    
  0.228801578       0.00000000    
  0.229201585       0.00000000    
  0.229601592       0.00000000    
  0.230001599      -3.72529030E-09
  0.230401605       3.72529030E-09
  0.230801612       0.00000000    
  0.231201619       0.00000000    
  0.231601626      -3.72529030E-09
  0.232001632      -3.72529030E-09
  0.232401639      -3.72529030E-09
  0.232801646       0.00000000    
  0.233201653       0.00000000    
  0.233601660      -3.72529030E-09
  0.234001666      -3.72529030E-09
  0.234401673      -7.45058060E-09
  0.234801680       0.00000000    
  0.235201687      -3.72529030E-09
  0.235601693      -7.45058060E-09
  0.236001700      -3.72529030E-09
  0.236401707      -3.72529030E-09
  0.236801714      -3.72529030E-09
  0.237201720       0.00000000    
  0.237601727      -3.72529030E-09
  0.238001734       0.00000000    
  0.238401741      -3.72529030E-09
  0.238801748      -3.72529030E-09
  0.239201754       0.00000000    
  0.239601761      -3.72529030E-09
  0.240001768       0.00000000    
  0.240401775       0.00000000    
  0.240801781      -3.72529030E-09
  0.241201788       0.00000000    
  0.241601795      -3.72529030E-09
  0.242001802      -3.72529030E-09
  0.242401809       0.00000000    
  0.242801815      -3.72529030E-09
  0.243201822       0.00000000    
  0.243601829       0.00000000    
  0.244001836       3.72529030E-09
  0.244401842       0.00000000    
  0.244801849      -3.72529030E-09
  0.245201856      -3.72529030E-09
  0.245601863      -3.72529030E-09
  0.246001869      -3.72529030E-09
  0.246401876      -3.72529030E-09
  0.246801883       0.00000000    
  0.247201890      -3.72529030E-09
  0.247601897      -3.72529030E-09
  0.248001903      -3.72529030E-09
  0.248401910      -3.72529030E-09
  0.248801917      -3.72529030E-09
  0.249201924       3.72529030E-09
  0.249601930       3.72529030E-09
  0.250001937      -3.72529030E-09
  0.250401944       0.00000000    
  0.250801951       0.00000000    
  0.251201957      -3.72529030E-09
  0.251601964      -3.72529030E-09
  0.252001971      -3.72529030E-09
  0.252401978      -3.72529030E-09
  0.252801985      -7.45058060E-09
  0.253201991       0.00000000    
  0.253601998      -3.72529030E-09
  0.254002005      -3.72529030E-09
  0.254402012       0.00000000    
  0.254802018      -7.45058060E-09
  0.255202025      -3.72529030E-09
  0.255602032       0.00000000    
  0.256002039      -3.72529030E-09
  0.256402045       0.00000000    
  0.256802052      -3.72529030E-09
  0.257202059      -3.72529030E-09
  0.257602066       0.00000000    
  0.258002073       0.00000000    
  0.258402079       0.00000000    
  0.258802086      -3.72529030E-09
  0.259202093       0.00000000    
  0.259602100       0.00000000    
  0.260002106       0.00000000    
  0.260402113      -3.72529030E-09
  0.260802120       0.00000000    
  0.261202127       0.00000000    
  0.261602134       0.00000000    
  0.262002140      -3.72529030E-09
  0.262402147       3.72529030E-09
  0.262802154       0.00000000    
  0.263202161      -3.72529030E-09
  0.263602167      -3.72529030E-09
  0.264002174      -3.72529030E-09
  0.264402181       0.00000000    
  0.264802188       0.00000000    
  0.265202194       0.00000000    
  0.265602201      -3.72529030E-09
  0.266002208       0.00000000    
  0.266402215      -3.72529030E-09
  0.266802222      -3.72529030E-09
  0.267202228      -3.72529030E-09
  0.267602235       0.00000000    
  0.268002242      -7.45058060E-09
  0.268402249      -7.45058060E-09
  0.268802255      -3.72529030E-09
  0.269202262       0.00000000    
  0.269602269      -3.72529030E-09
  0.270002276      -7.45058060E-09
  0.270402282      -3.72529030E-09
  0.270802289       0.00000000    
  0.271202296      -3.72529030E-09
  0.271602303       0.00000000    
  0.272002310      -3.72529030E-09
  0.272402316       0.00000000    
  0.272802323       0.00000000    
  0.273202330      -3.72529030E-09
  0.273602337       0.00000000    
  0.274002343      -3.72529030E-09
  0.274402350      -7.45058060E-09
  0.274802357       0.00000000    
  0.275202364      -3.72529030E-09
  0.275602371      -3.72529030E-09
  0.276002377       0.00000000    
  0.276402384      -3.72529030E-09
  0.276802391      -3.72529030E-09
  0.277202398      -3.72529030E-09
  0.277602404       0.00000000    
  0.278002411       0.00000000    
  0.278402418      -3.72529030E-09
  0.278802425      -7.45058060E-09
  0.279202431       0.00000000    
  0.279602438      -3.72529030E-09
  0.280002445       0.00000000    
  0.280402452      -3.72529030E-09
  0.280802459      -3.72529030E-09
  0.281202465      -3.72529030E-09
  0.281602472      -3.72529030E-09
  0.282002479       0.00000000    
  0.282402486       0.00000000    
  0.282802492       3.72529030E-09
  0.283202499      -3.72529030E-09
  0.283602506      -3.72529030E-09
  0.284002513      -3.72529030E-09
  0.284402519      -3.72529030E-09
  0.284802526      -7.45058060E-09
  0.285202533       3.72529030E-09
  0.285602540       0.00000000    
  0.286002547      -3.72529030E-09
  0.286402553      -3.72529030E-09
  0.286802560       3.72529030E-09
  0.287202567       3.72529030E-09
  0.287602574       0.00000000    
  0.288002580      -3.72529030E-09
  0.288402587      -3.72529030E-09
  0.288802594       0.00000000    
  0.289202601      -3.72529030E-09
  0.289602607      -3.72529030E-09
  0.290002614       0.00000000    
  0.290402621       3.72529030E-09
  0.290802628       0.00000000    
  0.291202635       0.00000000    
  0.291602641      -3.72529030E-09
  0.292002648       0.00000000    
  0.292402655       0.00000000    
  0.292802662      -3.72529030E-09
  0.293202668      -3.72529030E-09
  0.293602675       0.00000000    
  0.294002682       0.00000000    
  0.294402689      -3.72529030E-09
  0.294802696       0.00000000    
  0.295202702      -3.72529030E-09
  0.295602709       0.00000000    
  0.296002716      -3.72529030E-09
  0.296402723      -3.72529030E-09
  0.296802729       0.00000000    
  0.297202736      -3.72529030E-09
  0.297602743       0.00000000    
  0.298002750       0.00000000    
  0.298402756      -3.72529030E-09
  0.298802763       0.00000000    
  0.299202770      -3.72529030E-09
  0.299602777      -7.45058060E-09
  0.300002784      -7.45058060E-09
  0.300402790      -3.72529030E-09
  0.300802797       0.00000000    
  0.301202804       0.00000000    
  0.301602811       0.00000000    
  0.302002817       0.00000000    
  0.302402824      -3.72529030E-09
  0.302802831      -3.72529030E-09
  0.303202838       0.00000000    
  0.303602844      -3.72529030E-09
  0.304002851      -3.72529030E-09
  0.304402858       0.00000000    
  0.304802865      -3.72529030E-09
  0.305202872       0.00000000    
  0.305602878       3.72529030E-09
  0.306002885       0.00000000    
  0.306402892      -3.72529030E-09
  0.306802899       0.00000000    
  0.307202905       0.00000000    
  0.307602912      -3.72529030E-09
  0.308002919       0.00000000    
  0.308402926       0.00000000    
  0.308802933      -3.72529030E-09
  0.309202939       0.00000000    
  0.309602946       0.00000000    
  0.310002953      -3.72529030E-09
  0.310402960      -3.72529030E-09
  0.310802966      -3.72529030E-09
  0.311202973       0.00000000    
  0.311602980      -3.72529030E-09
  0.312002987      -7.45058060E-09
  0.312402993      -3.72529030E-09
  0.312803000      -3.72529030E-09
  0.313203007       0.00000000    
  0.313603014       0.00000000    
  0.314003021       0.00000000    
  0.314403027       0.00000000    
  0.314803034      -3.72529030E-09
  0.315203041      -3.72529030E-09
  0.315603048       0.00000000    
  0.316003054      -3.72529030E-09
  0.316403061      -3.72529030E-09
  0.316803068      -3.72529030E-09
  0.317203075       0.00000000    
  0.317603081       0.00000000    
  0.318003088      -3.72529030E-09
  0.318403095      -3.72529030E-09
  0.318803102      -3.72529030E-09
  0.319203109       0.00000000    
  0.319603115       3.72529030E-09
  0.320003122      -3.72529030E-09
  0.320403129       0.00000000    
  0.320803136       0.00000000    
  0.321203142      -3.72529030E-09
  0.321603149       0.00000000    
  0.322003156      -3.72529030E-09
  0.322403163       0.00000000    
  0.322803169      -1.11758709E-08
  0.323203176      -3.72529030E-09
  0.323603183       0.00000000    
  0.324003190       0.00000000    
  0.324403197       0.00000000    
  0.324803203       0.00000000    
  0.325203210       0.00000000    
  0.325603217       0.00000000    
  0.326003224       0.00000000    
  0.326403230      -3.72529030E-09
  0.326803237      -3.72529030E-09
  0.327203244       0.00000000    
  0.327603251      -3.72529030E-09
  0.328003258      -3.72529030E-09
  0.328403264       0.00000000    
  0.328803271      -7.45058060E-09
  0.329203278      -3.72529030E-09
  0.329603285      -3.72529030E-09
  0.330003291       0.00000000    
  0.330403298      -3.72529030E-09
  0.330803305       0.00000000    
  0.331203312      -3.72529030E-09
  0.331603318      -3.72529030E-09
  0.332003325      -3.72529030E-09
  0.332403332       0.00000000    
  0.332803339      -3.72529030E-09
  0.333203346      -7.45058060E-09
  0.333603352      -3.72529030E-09
  0.334003359      -3.72529030E-09
  0.334403366       0.00000000    
  0.334803373      -3.72529030E-09
  0.335203379       0.00000000    
  0.335603386       0.00000000    
  0.336003393       0.00000000    
  0.336403400       0.00000000    
  0.336803406      -3.72529030E-09
  0.337203413       0.00000000    
  0.337603420       0.00000000    
  0.338003427       0.00000000    
  0.338403434       0.00000000    
  0.338803440      -7.45058060E-09
  0.339203447      -3.72529030E-09
  0.339603454      -3.72529030E-09
  0.340003461      -3.72529030E-09
  0.340403467      -3.72529030E-09
  0.340803474       0.00000000    
  0.341203481      -3.72529030E-09
  0.341603488      -3.72529030E-09
  0.342003495      -3.72529030E-09
  0.342403501       0.00000000    
  0.342803508      -3.72529030E-09
  0.343203515      -3.72529030E-09
  0.343603522       0.00000000    
  0.344003528      -7.45058060E-09
  0.344403535      -7.45058060E-09
  0.344803542       0.00000000    
  0.345203549      -7.45058060E-09
  0.345603555       0.00000000    
  0.346003562      -3.72529030E-09
  0.346403569      -3.72529030E-09
  0.346803576      -3.72529030E-09
  0.347203583       0.00000000    
  0.347603589      -3.72529030E-09
  0.348003596       0.00000000    
  0.348403603       0.00000000    
  0.348803610      -3.72529030E-09
  0.349203616      -7.45058060E-09
  0.349603623       0.00000000    
  0.350003630       0.00000000    
  0.350403637       0.00000000    
  0.350803643      -3.72529030E-09
  0.351203650       0.00000000    
  0.351603657      -3.72529030E-09
  0.352003664       0.00000000    
  0.352403671       0.00000000    
  0.352803677      -3.72529030E-09
  0.353203684       0.00000000    
  0.353603691      -3.72529030E-09
  0.354003698      -3.72529030E-09
  0.354403704       0.00000000    
  0.354803711       0.00000000    
  0.355203718      -3.72529030E-09
  0.355603725      -3.72529030E-09
  0.356003731       0.00000000    
  0.356403738      -3.72529030E-09
  0.356803745      -3.72529030E-09
  0.357203752      -3.72529030E-09
  0.357603759       0.00000000    
  0.358003765      -3.72529030E-09
  0.358403772       0.00000000    
  0.358803779      -3.72529030E-09
  0.359203786       0.00000000    
  0.359603792       3.72529030E-09
  0.360003799       0.00000000    
  0.360403806      -3.72529030E-09
  0.360803813      -3.72529030E-09
  0.361203820       3.72529030E-09
  0.361603826       0.00000000    
  0.362003833       0.00000000    
  0.362403840      -7.45058060E-09
  0.362803847       0.00000000    
  0.363203853       0.00000000    
  0.363603860       0.00000000    
  0.364003867       0.00000000    
  0.364403874       0.00000000    
  0.364803880       0.00000000    
  0.365203887       0.00000000    
  0.365603894      -7.45058060E-09
  0.366003901       0.00000000    
  0.366403908      -3.72529030E-09
  0.366803914      -3.72529030E-09
  0.367203921       0.00000000    
  0.367603928       0.00000000    
  0.368003935      -3.72529030E-09
  0.368403941      -3.72529030E-09
  0.368803948      -3.72529030E-09
  0.369203955      -7.45058060E-09
  0.369603962       0.00000000    
  0.370003968      -3.72529030E-09
  0.370403975      -3.72529030E-09
  0.370803982      -3.72529030E-09
  0.371203989       0.00000000    
  0.371603996      -3.72529030E-09
  0.372004002      -3.72529030E-09
  0.372404009      -3.72529030E-09
  0.372804016      -3.72529030E-09
  0.373204023      -3.72529030E-09
  0.373604029       0.00000000    
  0.374004036       0.00000000    
  0.374404043       0.00000000    
  0.374804050       3.72529030E-09
  0.375204057      -7.45058060E-09
  0.375604063      -3.72529030E-09
  0.376004070       0.00000000    
  0.376404077       3.72529030E-09
  0.376804084      -3.72529030E-09
  0.377204090      -3.72529030E-09
  0.377604097      -3.72529030E-09
  0.378004104      -3.72529030E-09
  0.378404111       0.00000000    
  0.378804117      -3.72529030E-09
  0.379204124      -3.72529030E-09
  0.379604131      -3.72529030E-09
  0.380004138      -3.72529030E-09
  0.380404145      -3.72529030E-09
  0.380804151      -3.72529030E-09
  0.381204158      -3.72529030E-09
  0.381604165      -3.72529030E-09
  0.382004172      -3.72529030E-09
  0.382404178       0.00000000    
  0.382804185      -7.45058060E-09
  0.383204192      -3.72529030E-09
  0.383604199       0.00000000    
  0.384004205       0.00000000    
  0.384404212      -3.72529030E-09
  0.384804219      -7.45058060E-09
  0.385204226       0.00000000    
  0.385604233       0.00000000    
  0.386004239      -3.72529030E-09
  0.386404246      -3.72529030E-09
  0.386804253       0.00000000    
  0.387204260      -3.72529030E-09
  0.387604266      -7.45058060E-09
  0.388004273       0.00000000    
  0.388404280      -3.72529030E-09
  0.388804287      -3.72529030E-09
  0.389204293       0.00000000    
  0.389604300       0.00000000    
  0.390004307      -3.72529030E-09
  0.390404314      -3.72529030E-09
  0.390804321      -3.72529030E-09
  0.391204327       0.00000000    
  0.391604334      -3.72529030E-09
  0.392004341      -3.72529030E-09
  0.392404348      -3.72529030E-09
  0.392804354       0.00000000    
  0.393204361      -3.72529030E-09
  0.393604368       0.00000000    
  0.394004375      -3.72529030E-09
  0.394404382      -3.72529030E-09
  0.394804388       0.00000000    
  0.395204395      -3.72529030E-09
  0.395604402       0.00000000    
  0.396004409       0.00000000    
  0.396404415      -3.72529030E-09
  0.396804422       0.00000000    
  0.397204429      -3.72529030E-09
  0.397604436       3.72529030E-09
  0.398004442       0.00000000    
  0.398404449       0.00000000    
  0.398804456      -3.72529030E-09
  0.399204463       0.00000000    
  0.399604470      -3.72529030E-09
  0.400004476      -3.72529030E-09
  0.400404483       0.00000000    
  0.400804490       3.72529030E-09
  0.401204497      -3.72529030E-09
  0.401604503      -3.72529030E-09
  0.402004510       0.00000000    
  0.402404517      -3.72529030E-09
  0.402804524       0.00000000    
  0.403204530      -7.45058060E-09
  0.403604537      -3.72529030E-09
  0.404004544       0.00000000    
  0.404404551      -3.72529030E-09
  0.404804558       0.00000000    
  0.405204564      -3.72529030E-09
  0.405604571       3.72529030E-09
  0.406004578      -3.72529030E-09
  0.406404585       0.00000000    
  0.406804591      -3.72529030E-09
  0.407204598      -3.72529030E-09
  0.407604605       0.00000000    
  0.408004612       0.00000000    
  0.408404619       0.00000000    
  0.408804625       0.00000000    
  0.409204632       0.00000000    
  0.409604639       0.00000000    
  0.410004646      -3.72529030E-09
  0.410404652       0.00000000    
  0.410804659      -3.72529030E-09
  0.411204666       0.00000000    
  0.411604673      -3.72529030E-09
  0.412004679       0.00000000    
  0.412404686      -7.45058060E-09
  0.412804693       0.00000000    
  0.413204700       0.00000000    
  0.413604707      -3.72529030E-09
  0.414004713       0.00000000    
  0.414404720       0.00000000    
  0.414804727      -3.72529030E-09
  0.415204734       3.72529030E-09
  0.415604740      -3.72529030E-09
  0.416004747       0.00000000    
  0.416404754      -7.45058060E-09
  0.416804761       0.00000000    
  0.417204767       0.00000000    
  0.417604774      -3.72529030E-09
  0.418004781      -3.72529030E-09
  0.418404788      -3.72529030E-09
  0.418804795       0.00000000    
  0.419204801       0.00000000    
  0.419604808       0.00000000    
  0.420004815       0.00000000    
  0.420404822       0.00000000    
  0.420804828      -3.72529030E-09
  0.421204835       0.00000000    
  0.421604842       0.00000000    
  0.422004849       0.00000000    
  0.422404855       0.00000000    
  0.422804862      -3.72529030E-09
  0.423204869       0.00000000    
  0.423604876      -3.72529030E-09
  0.424004883       0.00000000    
  0.424404889      -3.72529030E-09
  0.424804896      -3.72529030E-09
  0.425204903      -3.72529030E-09
  0.425604910      -3.72529030E-09
  0.426004916       0.00000000    
  0.426404923      -3.72529030E-09
  0.426804930       0.00000000    
  0.427204937      -3.72529030E-09
  0.427604944      -3.72529030E-09
  0.428004950      -3.72529030E-09
  0.428404957      -3.72529030E-09
  0.428804964      -3.72529030E-09
  0.429204971       0.00000000    
  0.429604977       3.72529030E-09
  0.430004984      -3.72529030E-09
  0.430404991      -3.72529030E-09
  0.430804998      -7.45058060E-09
  0.431205004      -3.72529030E-09
  0.431605011       0.00000000    
  0.432005018       0.00000000    
  0.432405025       0.00000000    
  0.432805032       0.00000000    
  0.433205038       0.00000000    
  0.433605045       3.72529030E-09
  0.434005052       0.00000000    
  0.434405059      -3.72529030E-09
  0.434805065       0.00000000    
  0.435205072      -3.72529030E-09
  0.435605079      -3.72529030E-09
  0.436005086       0.00000000    
  0.436405092      -7.45058060E-09
  0.436805099      -3.72529030E-09
  0.437205106      -7.45058060E-09
  0.437605113      -3.72529030E-09
  0.438005120      -3.72529030E-09
  0.438405126      -3.72529030E-09
  0.438805133      -3.72529030E-09
  0.439205140      -3.72529030E-09
  0.439605147      -3.72529030E-09
  0.440005153      -3.72529030E-09
  0.440405160       0.00000000    
  0.440805167       0.00000000    
  0.441205174      -3.72529030E-09
  0.441605181      -3.72529030E-09
  0.442005187       0.00000000    
  0.442405194       0.00000000    
  0.442805201      -3.72529030E-09
  0.443205208      -3.72529030E-09
  0.443605214      -3.72529030E-09
  0.444005221      -3.72529030E-09
  0.444405228      -3.72529030E-09
  0.444805235      -3.72529030E-09
  0.445205241      -3.72529030E-09
  0.445605248       0.00000000    
  0.446005255      -3.72529030E-09
  0.446405262      -3.72529030E-09
  0.446805269      -3.72529030E-09
  0.447205275       0.00000000    
  0.447605282      -3.72529030E-09
  0.448005289      -3.72529030E-09
  0.448405296       0.00000000    
  0.448805302      -7.45058060E-09
  0.449205309      -3.72529030E-09
  0.449605316       0.00000000    
  0.450005323       0.00000000    
  0.450405329      -3.72529030E-09
  0.450805336      -3.72529030E-09
  0.451205343       0.00000000    
  0.451605350      -3.72529030E-09
  0.452005357      -3.72529030E-09
  0.452405363       0.00000000    
  0.452805370       0.00000000    
  0.453205377       0.00000000    
  0.453605384      -7.45058060E-09
  0.454005390       0.00000000    
  0.454405397      -7.45058060E-09
  0.454805404       0.00000000    
  0.455205411      -7.45058060E-09
  0.455605417       0.00000000    
  0.456005424      -3.72529030E-09
  0.456405431       0.00000000    
  0.456805438      -7.45058060E-09
  0.457205445       0.00000000    
  0.457605451       0.00000000    
  0.458005458       0.00000000    
  0.458405465       0.00000000    
  0.458805472       0.00000000    
  0.459205478      -3.72529030E-09
  0.459605485       0.00000000    
  0.460005492       0.00000000    
  0.460405499      -3.72529030E-09
  0.460805506      -3.72529030E-09
  0.461205512      -3.72529030E-09
  0.461605519       3.72529030E-09
  0.462005526       0.00000000    
  0.462405533       3.72529030E-09
  0.462805539      -3.72529030E-09
  0.463205546       0.00000000    
  0.463605553       3.72529030E-09
  0.464005560       0.00000000    
  0.464405566       0.00000000    
  0.464805573       0.00000000    
  0.465205580      -7.45058060E-09
  0.465605587      -3.72529030E-09
  0.466005594       0.00000000    
  0.466405600       0.00000000    
  0.466805607       0.00000000    
  0.467205614       0.00000000    
  0.467605621      -3.72529030E-09
  0.468005627       0.00000000    
  0.468405634       0.00000000    
  0.468805641      -7.45058060E-09
  0.469205648       0.00000000    
  0.469605654      -3.72529030E-09
  0.470005661       0.00000000    
  0.470405668       0.00000000    
  0.470805675      -3.72529030E-09
  0.471205682      -3.72529030E-09
  0.471605688       0.00000000    
  0.472005695      -3.72529030E-09
  0.472405702      -3.72529030E-09
  0.472805709      -3.72529030E-09
  0.473205715       0.00000000    
  0.473605722       0.00000000    
  0.474005729      -3.72529030E-09
  0.474405736       0.00000000    
  0.474805743      -3.72529030E-09
  0.475205749       0.00000000    
  0.475605756       0.00000000    
  0.476005763       0.00000000    
  0.476405770      -3.72529030E-09
  0.476805776      -3.72529030E-09
  0.477205783       0.00000000    
  0.477605790      -7.45058060E-09
  0.478005797      -3.72529030E-09
  0.478405803       0.00000000    
  0.478805810      -3.72529030E-09
  0.479205817       3.72529030E-09
  0.479605824      -3.72529030E-09
  0.480005831       0.00000000    
  0.480405837      -3.72529030E-09
  0.480805844       0.00000000    
  0.481205851       0.00000000    
  0.481605858      -3.72529030E-09
  0.482005864      -3.72529030E-09
  0.482405871       0.00000000    
  0.482805878       0.00000000    
  0.483205885       0.00000000    
  0.483605891       0.00000000    
  0.484005898      -3.72529030E-09
  0.484405905      -3.72529030E-09
  0.484805912      -3.72529030E-09
  0.485205919      -3.72529030E-09
  0.485605925      -3.72529030E-09
  0.486005932       3.72529030E-09
  0.486405939      -3.72529030E-09
  0.486805946      -3.72529030E-09
  0.487205952       0.00000000    
  0.487605959      -3.72529030E-09
  0.488005966      -3.72529030E-09
  0.488405973       0.00000000    
  0.488805979       0.00000000    
  0.489205986      -3.72529030E-09
  0.489605993      -3.72529030E-09
  0.490006000       0.00000000    
  0.490406007      -3.72529030E-09
  0.490806013       0.00000000    
  0.491206020      -3.72529030E-09
  0.491606027       0.00000000    
  0.492006034      -3.72529030E-09
  0.492406040      -3.72529030E-09
  0.492806047       0.00000000    
  0.493206054       0.00000000    
  0.493606061      -3.72529030E-09
  0.494006068      -3.72529030E-09
  0.494406074       0.00000000    
  0.494806081      -3.72529030E-09
  0.495206088      -3.72529030E-09
  0.495606095       0.00000000    
  0.496006101      -7.45058060E-09
  0.496406108      -3.72529030E-09
  0.496806115      -7.45058060E-09
  0.497206122      -3.72529030E-09
  0.497606128      -7.45058060E-09
  0.498006135       0.00000000    
  0.498406142      -3.72529030E-09
  0.498806149       0.00000000    
  0.499206156      -3.72529030E-09
  0.499606162       0.00000000    
  0.500006139      -3.72529030E-09
  0.500406146      -3.72529030E-09
  0.500806153       0.00000000    
  0.501206160       0.00000000    
  0.501606166      -7.45058060E-09
  0.502006173      -3.72529030E-09
  0.502406180      -3.72529030E-09
  0.502806187      -3.72529030E-09
  0.503206193      -3.72529030E-09
  0.503606200       0.00000000    
  0.504006207       0.00000000    
  0.504406214       0.00000000    
  0.504806221       0.00000000    
  0.505206227      -7.45058060E-09
  0.505606234       0.00000000    
  0.506006241      -3.72529030E-09
  0.506406248      -3.72529030E-09
  0.506806254      -3.72529030E-09
  0.507206261      -3.72529030E-09
  0.507606268      -3.72529030E-09
  0.508006275      -3.72529030E-09
  0.508406281       0.00000000    
  0.508806288       0.00000000    
  0.509206295       0.00000000    
  0.509606302       0.00000000    
  0.510006309       0.00000000    
  0.510406315      -3.72529030E-09
  0.510806322      -3.72529030E-09
  0.511206329      -3.72529030E-09
  0.511606336      -3.72529030E-09
  0.512006342       0.00000000    
  0.512406349       0.00000000    
  0.512806356      -3.72529030E-09
  0.513206363       0.00000000    
  0.513606369       0.00000000    
  0.514006376      -3.72529030E-09
  0.514406383      -3.72529030E-09
  0.514806390      -3.72529030E-09
  0.515206397      -3.72529030E-09
  0.515606403       3.72529030E-09
  0.516006410      -3.72529030E-09
  0.516406417      -7.45058060E-09
  0.516806424      -7.45058060E-09
  0.517206430      -7.45058060E-09
  0.517606437      -3.72529030E-09
  0.518006444      -7.45058060E-09
  0.518406451       0.00000000    
  0.518806458      -3.72529030E-09
  0.519206464       0.00000000    
  0.519606471       0.00000000    
  0.520006478      -7.45058060E-09
  0.520406485       3.72529030E-09
  0.520806491      -3.72529030E-09
  0.521206498      -7.45058060E-09
  0.521606505       3.72529030E-09
  0.522006512       3.72529030E-09
  0.522406518      -3.72529030E-09
  0.522806525       3.72529030E-09
  0.523206532      -3.72529030E-09
  0.523606539       0.00000000    
  0.524006546       0.00000000    
  0.524406552       3.72529030E-09
  0.524806559      -3.72529030E-09
  0.525206566      -7.45058060E-09
  0.525606573      -3.72529030E-09
  0.526006579      -3.72529030E-09
  0.526406586      -3.72529030E-09
  0.526806593       0.00000000    
  0.527206600       0.00000000    
  0.527606606      -3.72529030E-09
  0.528006613      -3.72529030E-09
  0.528406620      -3.72529030E-09
  0.528806627       0.00000000    
  0.529206634      -7.45058060E-09
  0.529606640      -3.72529030E-09
  0.530006647      -7.45058060E-09
  0.530406654       0.00000000    
  0.530806661      -7.45058060E-09
  0.531206667      -3.72529030E-09
  0.531606674       0.00000000    
  0.532006681      -7.45058060E-09
  0.532406688      -3.72529030E-09
  0.532806695      -3.72529030E-09
  0.533206701      -3.72529030E-09
  0.533606708      -3.72529030E-09
  0.534006715       0.00000000    
  0.534406722       0.00000000    
  0.534806728       0.00000000    
  0.535206735      -3.72529030E-09
  0.535606742      -7.45058060E-09
  0.536006749      -3.72529030E-09
  0.536406755      -7.45058060E-09
  0.536806762       0.00000000    
  0.537206769      -3.72529030E-09
  0.537606776      -7.45058060E-09
  0.538006783      -1.11758709E-08
  0.538406789       0.00000000    
  0.538806796       0.00000000    
  0.539206803      -7.45058060E-09
  0.539606810       3.72529030E-09
  0.540006816       3.72529030E-09
  0.540406823       0.00000000    
  0.540806830      -3.72529030E-09
  0.541206837      -3.72529030E-09
  0.541606843       0.00000000    
  0.542006850      -3.72529030E-09
  0.542406857      -3.72529030E-09
  0.542806864      -7.45058060E-09
  0.543206871      -7.45058060E-09
  0.543606877      -3.72529030E-09
  0.544006884       0.00000000    
  0.544406891       0.00000000    
  0.544806898      -3.72529030E-09
  0.545206904      -3.72529030E-09
  0.545606911       0.00000000    
  0.546006918      -7.45058060E-09
  0.546406925       0.00000000    
  0.546806931      -3.72529030E-09
  0.547206938       0.00000000    
  0.547606945      -3.72529030E-09
  0.548006952       0.00000000    
  0.548406959      -3.72529030E-09
  0.548806965       0.00000000    
  0.549206972      -7.45058060E-09
  0.549606979      -3.72529030E-09
  0.550006986      -3.72529030E-09
  0.550406992       3.72529030E-09
  0.550806999      -1.11758709E-08
  0.551207006      -7.45058060E-09
  0.551607013       0.00000000    
  0.552007020       0.00000000    
  0.552407026       0.00000000    
  0.552807033       0.00000000    
  0.553207040      -3.72529030E-09
  0.553607047      -3.72529030E-09
  0.554007053       0.00000000    
  0.554407060       0.00000000    
  0.554807067      -3.72529030E-09
  0.555207074      -7.45058060E-09
  0.555607080       0.00000000    
  0.556007087       0.00000000    
  0.556407094      -3.72529030E-09
  0.556807101      -3.72529030E-09
  0.557207108      -3.72529030E-09
  0.557607114      -3.72529030E-09
  0.558007121       0.00000000    
  0.558407128      -3.72529030E-09
  0.558807135      -3.72529030E-09
  0.559207141       0.00000000    
  0.559607148      -7.45058060E-09
  0.560007155       0.00000000    
  0.560407162      -3.72529030E-09
  0.560807168      -3.72529030E-09
  0.561207175      -3.72529030E-09
  0.561607182      -3.72529030E-09
  0.562007189      -3.72529030E-09
  0.562407196      -3.72529030E-09
  0.562807202       0.00000000    
  0.563207209      -3.72529030E-09
  0.563607216      -3.72529030E-09
  0.564007223       3.72529030E-09
  0.564407229      -3.72529030E-09
  0.564807236      -3.72529030E-09
  0.565207243       0.00000000    
  0.565607250      -3.72529030E-09
  0.566007257      -3.72529030E-09
  0.566407263       0.00000000    
  0.566807270       0.00000000    
  0.567207277      -3.72529030E-09
  0.567607284       3.72529030E-09
  0.568007290       0.00000000    
  0.568407297      -3.72529030E-09
  0.568807304      -7.45058060E-09
  0.569207311      -3.72529030E-09
  0.569607317       0.00000000    
  0.570007324      -7.45058060E-09
  0.570407331      -3.72529030E-09
  0.570807338      -3.72529030E-09
  0.571207345      -3.72529030E-09
  0.571607351       0.00000000    
  0.572007358      -7.45058060E-09
  0.572407365      -3.72529030E-09
  0.572807372      -3.72529030E-09
  0.573207378      -3.72529030E-09
  0.573607385       0.00000000    
  0.574007392      -7.45058060E-09
  0.574407399      -3.72529030E-09
  0.574807405       3.72529030E-09
  0.575207412      -3.72529030E-09
  0.575607419      -7.45058060E-09
  0.576007426       0.00000000    
  0.576407433      -3.72529030E-09
  0.576807439      -3.72529030E-09
  0.577207446       0.00000000    
  0.577607453      -3.72529030E-09
  0.578007460      -3.72529030E-09
  0.578407466      -7.45058060E-09
  0.578807473       0.00000000    
  0.579207480       0.00000000    
  0.579607487       0.00000000    
  0.580007493      -3.72529030E-09
  0.580407500      -7.45058060E-09
  0.580807507      -3.72529030E-09
  0.581207514      -3.72529030E-09
  0.581607521       0.00000000    
  0.582007527       0.00000000    
  0.582407534       0.00000000    
  0.582807541       0.00000000    
  0.583207548      -7.45058060E-09
  0.583607554      -3.72529030E-09
  0.584007561      -7.45058060E-09
  0.584407568      -3.72529030E-09
  0.584807575      -3.72529030E-09
  0.585207582       0.00000000    
  0.585607588       0.00000000    
  0.586007595      -3.72529030E-09
  0.586407602      -3.72529030E-09
  0.586807609      -3.72529030E-09
  0.587207615      -3.72529030E-09
  0.587607622      -3.72529030E-09
  0.588007629      -3.72529030E-09
  0.588407636      -7.45058060E-09
  0.588807642      -7.45058060E-09
  0.589207649      -7.45058060E-09
  0.589607656       0.00000000    
  0.590007663      -3.72529030E-09
  0.590407670      -3.72529030E-09
  0.590807676       0.00000000    
  0.591207683      -3.72529030E-09
  0.591607690      -7.45058060E-09
  0.592007697       0.00000000    
  0.592407703       0.00000000    
  0.592807710       0.00000000    
  0.593207717       0.00000000    
  0.593607724       0.00000000    
  0.594007730       3.72529030E-09
  0.594407737      -7.45058060E-09
  0.594807744      -3.72529030E-09
  0.595207751       0.00000000    
  0.595607758      -3.72529030E-09
  0.596007764      -3.72529030E-09
  0.596407771       0.00000000    
  0.596807778       0.00000000    
  0.597207785      -3.72529030E-09
  0.597607791       0.00000000    
  0.598007798       0.00000000    
  0.598407805       0.00000000    
  0.598807812      -7.45058060E-09
  0.599207819      -7.45058060E-09
  0.599607825       0.00000000    
  0.600007832      -7.45058060E-09
  0.600407839       0.00000000    
  0.600807846      -7.45058060E-09
  0.601207852       0.00000000    
  0.601607859       0.00000000    
  0.602007866       0.00000000    
  0.602407873       0.00000000    
  0.602807879      -7.45058060E-09
  0.603207886      -7.45058060E-09
  0.603607893       0.00000000    
  0.604007900       0.00000000    
  0.604407907       0.00000000    
  0.604807913      -7.45058060E-09
  0.605207920       0.00000000    
  0.605607927      -7.45058060E-09
  0.606007934       0.00000000    
  0.606407940       0.00000000    
  0.606807947      -7.45058060E-09
  0.607207954       0.00000000    
  0.607607961      -7.45058060E-09
  0.608007967      -7.45058060E-09
  0.608407974      -7.45058060E-09
  0.608807981       0.00000000    
  0.609207988       0.00000000    
  0.609607995       0.00000000    
  0.610008001      -7.45058060E-09
  0.610408008       0.00000000    
  0.610808015      -7.45058060E-09
  0.611208022       0.00000000    
  0.611608028       0.00000000    
  0.612008035       0.00000000    
  0.612408042       0.00000000    
  0.612808049      -7.45058060E-09
  0.613208055       0.00000000    
  0.613608062      -7.45058060E-09
  0.614008069      -7.45058060E-09
  0.614408076      -7.45058060E-09
  0.614808083      -7.45058060E-09
  0.615208089       0.00000000    
  0.615608096       0.00000000    
  0.616008103       0.00000000    
  0.616408110      -7.45058060E-09
  0.616808116       0.00000000    
  0.617208123       0.00000000    
  0.617608130       0.00000000    
  0.618008137       0.00000000    
  0.618408144      -7.45058060E-09
  0.618808150       0.00000000    
  0.619208157       0.00000000    
  0.619608164      -7.45058060E-09
  0.620008171      -7.45058060E-09
  0.620408177       0.00000000    
  0.620808184       0.00000000    
  0.621208191       0.00000000    
  0.621608198       0.00000000    
  0.622008204      -7.45058060E-09
  0.622408211       0.00000000    
  0.622808218      -7.45058060E-09
  0.623208225      -7.45058060E-09
  0.623608232       0.00000000    
  0.624008238       0.00000000    
  0.624408245       0.00000000    
  0.624808252      -7.45058060E-09
  0.625208259      -7.45058060E-09
  0.625608265      -7.45058060E-09
  0.626008272       0.00000000    
  0.626408279      -7.45058060E-09
  0.626808286       0.00000000    
  0.627208292       0.00000000    
  0.627608299       0.00000000    
  0.628008306      -7.45058060E-09
  0.628408313       0.00000000    
  0.628808320       0.00000000    
  0.629208326       0.00000000    
  0.629608333       0.00000000    
  0.630008340       0.00000000    
  0.630408347       0.00000000    
  0.630808353      -7.45058060E-09
  0.631208360       0.00000000    
  0.631608367      -7.45058060E-09
  0.632008374      -7.45058060E-09
  0.632408381      -7.45058060E-09
  0.632808387      -7.45058060E-09
  0.633208394      -7.45058060E-09
  0.633608401       0.00000000    
  0.634008408       0.00000000    
  0.634408414      -7.45058060E-09
  0.634808421       0.00000000    
  0.635208428       0.00000000    
  0.635608435       0.00000000    
  0.636008441      -7.45058060E-09
  0.636408448      -7.45058060E-09
  0.636808455       0.00000000    
  0.637208462      -1.49011612E-08
  0.637608469      -7.45058060E-09
  0.638008475       0.00000000    
  0.638408482       0.00000000    
  0.638808489       0.00000000    
  0.639208496       0.00000000    
  0.639608502      -7.45058060E-09
  0.640008509       0.00000000    
  0.640408516      -7.45058060E-09
  0.640808523      -7.45058060E-09
  0.641208529       0.00000000    
  0.641608536      -7.45058060E-09
  0.642008543       0.00000000    
  0.642408550      -7.45058060E-09
  0.642808557       0.00000000    
  0.643208563      -7.45058060E-09
  0.643608570       0.00000000    
  0.644008577      -7.45058060E-09
  0.644408584       0.00000000    
  0.644808590       0.00000000    
  0.645208597      -7.45058060E-09
  0.645608604      -7.45058060E-09
  0.646008611       0.00000000    
  0.646408617       0.00000000    
  0.646808624      -7.45058060E-09
  0.647208631       0.00000000    
  0.647608638       0.00000000    
  0.648008645      -7.45058060E-09
  0.648408651       0.00000000    
  0.648808658       0.00000000    
  0.649208665       0.00000000    
  0.649608672       0.00000000    
  0.650008678      -7.45058060E-09
  0.650408685       0.00000000    
  0.650808692      -7.45058060E-09
  0.651208699      -7.45058060E-09
  0.651608706      -7.45058060E-09
  0.652008712       0.00000000    
  0.652408719       0.00000000    
  0.652808726       0.00000000    
  0.653208733      -7.45058060E-09
  0.653608739       0.00000000    
  0.654008746      -7.45058060E-09
  0.654408753       0.00000000    
  0.654808760      -7.45058060E-09
  0.655208766       7.45058060E-09
  0.655608773      -7.45058060E-09
  0.656008780       0.00000000    
  0.656408787      -7.45058060E-09
  0.656808794      -7.45058060E-09
  0.657208800       0.00000000    
  0.657608807       0.00000000    
  0.658008814       0.00000000    
  0.658408821      -7.45058060E-09
  0.658808827      -7.45058060E-09
  0.659208834      -7.45058060E-09
  0.659608841      -7.45058060E-09
  0.660008848      -7.45058060E-09
  0.660408854      -7.45058060E-09
  0.660808861      -7.45058060E-09
  0.661208868      -7.45058060E-09
  0.661608875       0.00000000    
  0.662008882      -7.45058060E-09
  0.662408888       0.00000000    
  0.662808895       0.00000000    
  0.663208902       0.00000000    
  0.663608909      -7.45058060E-09
  0.664008915       0.00000000    
  0.664408922       0.00000000    
  0.664808929       0.00000000    
  0.665208936       0.00000000    
  0.665608943      -7.45058060E-09
  0.666008949      -7.45058060E-09
  0.666408956      -7.45058060E-09
  0.666808963       0.00000000    
  0.667208970       0.00000000    
  0.667608976      -7.45058060E-09
  0.668008983       0.00000000    
  0.668408990      -7.45058060E-09
  0.668808997       0.00000000    
  0.669209003      -7.45058060E-09
  0.669609010      -7.45058060E-09
  0.670009017      -7.45058060E-09
  0.670409024       0.00000000    
  0.670809031       0.00000000    
  0.671209037       0.00000000    
  0.671609044       0.00000000    
  0.672009051      -7.45058060E-09
  0.672409058       0.00000000    
  0.672809064       0.00000000    
  0.673209071       0.00000000    
  0.673609078       0.00000000    
  0.674009085       0.00000000    
  0.674409091       0.00000000    
  0.674809098      -7.45058060E-09
  0.675209105      -7.45058060E-09
  0.675609112      -7.45058060E-09
  0.676009119       0.00000000    
  0.676409125       0.00000000    
  0.676809132       0.00000000    
  0.677209139      -7.45058060E-09
  0.677609146       0.00000000    
  0.678009152      -7.45058060E-09
  0.678409159       0.00000000    
  0.678809166       0.00000000    
  0.679209173      -7.45058060E-09
  0.679609179       0.00000000    
  0.680009186       0.00000000    
  0.680409193      -7.45058060E-09
  0.680809200      -7.45058060E-09
  0.681209207      -7.45058060E-09
  0.681609213      -7.45058060E-09
  0.682009220      -7.45058060E-09
  0.682409227       0.00000000    
  0.682809234      -7.45058060E-09
  0.683209240      -7.45058060E-09
  0.683609247       0.00000000    
  0.684009254      -7.45058060E-09
  0.684409261       0.00000000    
  0.684809268       0.00000000    
  0.685209274       0.00000000    
  0.685609281       0.00000000    
  0.686009288      -7.45058060E-09
  0.686409295      -7.45058060E-09
  0.686809301       0.00000000    
  0.687209308       0.00000000    
  0.687609315      -7.45058060E-09
  0.688009322      -7.45058060E-09
  0.688409328      -7.45058060E-09
  0.688809335      -7.45058060E-09
  0.689209342       0.00000000    
  0.689609349      -7.45058060E-09
  0.690009356       0.00000000    
  0.690409362      -7.45058060E-09
  0.690809369       0.00000000    
  0.691209376      -7.45058060E-09
  0.691609383       0.00000000    
  0.692009389       0.00000000    
  0.692409396      -7.45058060E-09
  0.692809403       0.00000000    
  0.693209410      -7.45058060E-09
  0.693609416       0.00000000    
  0.694009423       0.00000000    
  0.694409430      -7.45058060E-09
  0.694809437      -7.45058060E-09
  0.695209444       0.00000000    
  0.695609450       0.00000000    
  0.696009457      -7.45058060E-09
  0.696409464       0.00000000    
  0.696809471      -7.45058060E-09
  0.697209477       0.00000000    
  0.697609484      -7.45058060E-09
  0.698009491       0.00000000    
  0.698409498       0.00000000    
  0.698809505      -7.45058060E-09
  0.699209511      -7.45058060E-09
  0.699609518       0.00000000    
  0.700009525       0.00000000    
  0.700409532       0.00000000    
  0.700809538       0.00000000    
  0.701209545       0.00000000    
  0.701609552       0.00000000    
  0.702009559       0.00000000    
  0.702409565       0.00000000    
  0.702809572      -7.45058060E-09
  0.703209579      -7.45058060E-09
  0.703609586      -7.45058060E-09
  0.704009593      -7.45058060E-09
  0.704409599       0.00000000    
  0.704809606      -7.45058060E-09
  0.705209613       0.00000000    
  0.705609620      -7.45058060E-09
  0.706009626      -7.45058060E-09
  0.706409633       0.00000000    
  0.706809640       0.00000000    
  0.707209647       0.00000000    
  0.707609653       7.45058060E-09
  0.708009660       0.00000000    
  0.708409667      -7.45058060E-09
  0.708809674       0.00000000    
  0.709209681      -7.45058060E-09
  0.709609687       0.00000000    
  0.710009694       0.00000000    
  0.710409701      -7.45058060E-09
  0.710809708      -7.45058060E-09
  0.711209714      -7.45058060E-09
  0.711609721       0.00000000    
  0.712009728       0.00000000    
  0.712409735       0.00000000    
  0.712809741      -7.45058060E-09
