   0.00000000       1.88582286E-03
   3.99999990E-04   3.77164572E-03
   7.99999980E-04   5.65746846E-03
   1.19999994E-03   7.54329143E-03
   1.59999996E-03   9.42911394E-03
   1.99999986E-03   1.13149369E-02
   2.39999988E-03   1.32007599E-02
   2.79999990E-03   1.50865829E-02
   3.19999992E-03   1.69724058E-02
   3.59999994E-03   1.88582279E-02
   3.99999972E-03   2.07440499E-02
   4.39999951E-03   2.26298720E-02
   4.79999930E-03   2.45156940E-02
   5.19999908E-03   2.64015161E-02
   5.59999887E-03   2.82873381E-02
   5.99999866E-03   3.01731601E-02
   6.39999844E-03   3.20589840E-02
   6.79999823E-03   3.39448079E-02
   7.19999801E-03   3.58306319E-02
   7.59999780E-03   3.77164558E-02
   7.99999759E-03   3.96022797E-02
   8.39999784E-03   4.14881036E-02
   8.79999809E-03   4.33739275E-02
   9.19999834E-03   4.52597514E-02
   9.59999859E-03   4.71455753E-02
   9.99999885E-03   4.90313992E-02
   1.03999991E-02   5.09172231E-02
   1.07999993E-02   5.28030470E-02
   1.11999996E-02   5.46888709E-02
   1.15999999E-02   5.65746948E-02
   1.20000001E-02   5.84605187E-02
   1.24000004E-02   6.03463426E-02
   1.28000006E-02   6.22321665E-02
   1.32000009E-02   6.41179904E-02
   1.36000011E-02   6.60038143E-02
   1.40000014E-02   6.78896382E-02
   1.44000016E-02   6.97754622E-02
   1.48000019E-02   7.16612861E-02
   1.52000021E-02   7.35471100E-02
   1.56000024E-02   7.54329339E-02
   1.60000026E-02   7.73187578E-02
   1.64000019E-02   7.92045817E-02
   1.68000013E-02   8.10904056E-02
   1.72000006E-02   8.29762295E-02
   1.75999999E-02   8.48620534E-02
   1.79999992E-02   8.67478773E-02
   1.83999985E-02   8.86337012E-02
   1.87999979E-02   9.05195251E-02
   1.91999972E-02   9.24053490E-02
   1.95999965E-02   9.42911729E-02
   1.99999958E-02   9.61769968E-02
   2.03999951E-02   9.80628207E-02
   2.07999945E-02   9.99486446E-02
   2.11999938E-02  0.101834469    
   2.15999931E-02  0.103720292    
   2.19999924E-02  0.105606116    
   2.23999918E-02  0.107491940    
   2.27999911E-02  0.109377764    
   2.31999904E-02  0.111263588    
   2.35999897E-02  0.113149412    
   2.39999890E-02  0.115035236    
   2.43999884E-02  0.116921060    
   2.47999877E-02  0.118806884    
   2.51999870E-02  0.120692708    
   2.55999863E-02  0.122578532    
   2.59999856E-02  0.124464355    
   2.63999850E-02  0.126350179    
   2.67999843E-02  0.128235996    
   2.71999836E-02  0.130121812    
   2.75999829E-02  0.132007629    
   2.79999822E-02  0.133893445    
   2.83999816E-02  0.135779262    
   2.87999809E-02  0.137665078    
   2.91999802E-02  0.139550894    
   2.95999795E-02  0.141436711    
   2.99999788E-02  0.143322527    
   3.03999782E-02  0.145208344    
   3.07999775E-02  0.147094160    
   3.11999768E-02  0.148979977    
   3.15999761E-02  0.150865793    
   3.19999754E-02  0.152751610    
   3.23999748E-02  0.154637426    
   3.27999741E-02  0.156523243    
   3.31999734E-02  0.158409059    
   3.35999727E-02  0.160294876    
   3.39999720E-02  0.162180692    
   3.43999714E-02  0.164066508    
   3.47999707E-02  0.165952325    
   3.51999700E-02  0.167838141    
   3.55999693E-02  0.169723958    
   3.59999686E-02  0.171609774    
   3.63999680E-02  0.173495591    
   3.67999673E-02  0.175381407    
   3.71999666E-02  0.177267224    
   3.75999659E-02  0.179153040    
   3.79999653E-02  0.181038857    
   3.83999646E-02  0.182924673    
   3.87999639E-02  0.184810489    
   3.91999632E-02  0.186696306    
   3.95999625E-02  0.188582122    
   3.99999619E-02  0.190467939    
   4.03999612E-02  0.192353755    
   4.07999605E-02  0.194239572    
   4.11999598E-02  0.196125388    
   4.15999591E-02  0.198011205    
   4.19999585E-02  0.199897021    
   4.23999578E-02  0.201782838    
   4.27999571E-02  0.203668654    
   4.31999564E-02  0.205554470    
   4.35999557E-02  0.207440287    
   4.39999551E-02  0.209326103    
   4.43999544E-02  0.211211920    
   4.47999537E-02  0.213097736    
   4.51999530E-02  0.214983553    
   4.55999523E-02  0.216869369    
   4.59999517E-02  0.218755186    
   4.63999510E-02  0.220641002    
   4.67999503E-02  0.222526819    
   4.71999496E-02  0.224412635    
   4.75999489E-02  0.226298451    
   4.79999483E-02  0.228184268    
   4.83999476E-02  0.230070084    
   4.87999469E-02  0.231955901    
   4.91999462E-02  0.233841717    
   4.95999455E-02  0.235727534    
   4.99999449E-02  0.237613350    
   5.03999442E-02  0.239499167    
   5.07999435E-02  0.241384983    
   5.11999428E-02  0.243270800    
   5.15999421E-02  0.245156616    
   5.19999415E-02  0.247042432    
   5.23999408E-02  0.248928249    
   5.27999401E-02  0.250814080    
   5.31999394E-02  0.252699912    
   5.35999388E-02  0.254585743    
   5.39999381E-02  0.256471574    
   5.43999374E-02  0.258357406    
   5.47999367E-02  0.260243237    
   5.51999360E-02  0.262129068    
   5.55999354E-02  0.264014900    
   5.59999347E-02  0.265900731    
   5.63999340E-02  0.267786562    
   5.67999333E-02  0.269672394    
   5.71999326E-02  0.271558225    
   5.75999320E-02  0.273444057    
   5.79999313E-02  0.275329888    
   5.83999306E-02  0.277215719    
   5.87999299E-02  0.279101551    
   5.91999292E-02  0.280987382    
   5.95999286E-02  0.282873213    
   5.99999279E-02  0.284759045    
   6.03999272E-02  0.286644876    
   6.07999265E-02  0.288530707    
   6.11999258E-02  0.290416539    
   6.15999252E-02  0.292302370    
   6.19999245E-02  0.294188201    
   6.23999238E-02  0.296074033    
   6.27999231E-02  0.297959864    
   6.31999224E-02  0.299845695    
   6.35999218E-02  0.301731527    
   6.39999211E-02  0.303617358    
   6.43999204E-02  0.305503190    
   6.47999197E-02  0.307389021    
   6.51999190E-02  0.309274852    
   6.55999184E-02  0.311160684    
   6.59999177E-02  0.313046515    
   6.63999170E-02  0.314932346    
   6.67999163E-02  0.316818178    
   6.71999156E-02  0.318704009    
   6.75999150E-02  0.320589840    
   6.79999143E-02  0.322475672    
   6.83999136E-02  0.324361503    
   6.87999129E-02  0.326247334    
   6.91999123E-02  0.328133166    
   6.95999116E-02  0.330018997    
   6.99999109E-02  0.331904829    
   7.03999102E-02  0.333790660    
   7.07999095E-02  0.335676491    
   7.11999089E-02  0.337562323    
   7.15999082E-02  0.339448154    
   7.19999075E-02  0.341333985    
   7.23999068E-02  0.343219817    
   7.27999061E-02  0.345105648    
   7.31999055E-02  0.346991479    
   7.35999048E-02  0.348877311    
   7.39999041E-02  0.350763142    
   7.43999034E-02  0.352648973    
   7.47999027E-02  0.354534805    
   7.51999021E-02  0.356420636    
   7.55999014E-02  0.358306468    
   7.59999007E-02  0.360192299    
   7.63999000E-02  0.362078130    
   7.67998993E-02  0.363963962    
   7.71998987E-02  0.365849793    
   7.75998980E-02  0.367735624    
   7.79998973E-02  0.369621456    
   7.83998966E-02  0.371507287    
   7.87998959E-02  0.373393118    
   7.91998953E-02  0.375278950    
   7.95998946E-02  0.377164781    
   7.99998939E-02  0.379050612    
   8.03998932E-02  0.380936444    
   8.07998925E-02  0.382822275    
   8.11998919E-02  0.384708107    
   8.15998912E-02  0.386593938    
   8.19998905E-02  0.388479769    
   8.23998898E-02  0.390365601    
   8.27998891E-02  0.392251432    
   8.31998885E-02  0.394137263    
   8.35998878E-02  0.396023095    
   8.39998871E-02  0.397908926    
   8.43998864E-02  0.399794757    
   8.47998857E-02  0.401680589    
   8.51998851E-02  0.403566420    
   8.55998844E-02  0.405452251    
   8.59998837E-02  0.407338083    
   8.63998830E-02  0.409223914    
   8.67998824E-02  0.411109746    
   8.71998817E-02  0.412995577    
   8.75998810E-02  0.414881408    
   8.79998803E-02  0.416767240    
   8.83998796E-02  0.418653071    
   8.87998790E-02  0.420538902    
   8.91998783E-02  0.422424734    
   8.95998776E-02  0.424310565    
   8.99998769E-02  0.426196396    
   9.03998762E-02  0.428082228    
   9.07998756E-02  0.429968059    
   9.11998749E-02  0.431853890    
   9.15998742E-02  0.433739722    
   9.19998735E-02  0.435625553    
   9.23998728E-02  0.437511384    
   9.27998722E-02  0.439397216    
   9.31998715E-02  0.441283047    
   9.35998708E-02  0.443168879    
   9.39998701E-02  0.445054710    
   9.43998694E-02  0.446940541    
   9.47998688E-02  0.448826373    
   9.51998681E-02  0.450712204    
   9.55998674E-02  0.452598035    
   9.59998667E-02  0.454483867    
   9.63998660E-02  0.456369698    
   9.67998654E-02  0.458255529    
   9.71998647E-02  0.460141361    
   9.75998640E-02  0.462027192    
   9.79998633E-02  0.463913023    
   9.83998626E-02  0.465798855    
   9.87998620E-02  0.467684686    
   9.91998613E-02  0.469570518    
   9.95998606E-02  0.471456349    
   9.99998599E-02  0.473342180    
  0.100399859      0.475228012    
  0.100799859      0.477113843    
  0.101199858      0.478999674    
  0.101599857      0.480885506    
  0.101999857      0.482771337    
  0.102399856      0.484657168    
  0.102799855      0.486543000    
  0.103199854      0.488428831    
  0.103599854      0.490314662    
  0.103999853      0.492200494    
  0.104399852      0.494086325    
  0.104799852      0.495972157    
  0.105199851      0.497857988    
  0.105599850      0.499743819    
  0.105999850      0.501629651    
  0.106399849      0.503515482    
  0.106799848      0.505401313    
  0.107199848      0.507287145    
  0.107599847      0.509172976    
  0.107999846      0.511058807    
  0.108399846      0.512944639    
  0.108799845      0.514830470    
  0.109199844      0.516716301    
  0.109599844      0.518602133    
  0.109999843      0.520487964    
  0.110399842      0.522373796    
  0.110799842      0.524259627    
  0.111199841      0.526145458    
  0.111599840      0.528031290    
  0.111999840      0.529917121    
  0.112399839      0.531802952    
  0.112799838      0.533688784    
  0.113199838      0.535574615    
  0.113599837      0.537460446    
  0.113999836      0.539346278    
  0.114399835      0.541232109    
  0.114799835      0.543117940    
  0.115199834      0.545003772    
  0.115599833      0.546889603    
  0.115999833      0.548775434    
  0.116399832      0.550661266    
  0.116799831      0.552547097    
  0.117199831      0.554432929    
  0.117599830      0.556318760    
  0.117999829      0.558204591    
  0.118399829      0.560090423    
  0.118799828      0.561976254    
  0.119199827      0.563862085    
  0.119599827      0.565747917    
  0.119999826      0.567633748    
  0.120399825      0.569519579    
  0.120799825      0.571405411    
  0.121199824      0.573291242    
  0.121599823      0.575177073    
  0.121999823      0.577062905    
  0.122399822      0.578948736    
  0.122799821      0.580834568    
  0.123199821      0.582720399    
  0.123599820      0.584606230    
  0.123999819      0.586492062    
  0.124399818      0.588377893    
  0.124799818      0.590263724    
  0.125199825      0.592149556    
  0.125599831      0.594035387    
  0.125999838      0.595921218    
  0.126399845      0.597807050    
  0.126799852      0.599692881    
  0.127199858      0.601578712    
  0.127599865      0.603464544    
  0.127999872      0.605350375    
  0.128399879      0.607236207    
  0.128799886      0.609122038    
  0.129199892      0.611007869    
  0.129599899      0.612893701    
  0.129999906      0.614779532    
  0.130399913      0.616665363    
  0.130799919      0.618551195    
  0.131199926      0.620437026    
  0.131599933      0.622322857    
  0.131999940      0.624208689    
  0.132399946      0.626094520    
  0.132799953      0.627980351    
  0.133199960      0.629866183    
  0.133599967      0.631752014    
  0.133999974      0.633637846    
  0.134399980      0.635523677    
  0.134799987      0.637409508    
  0.135199994      0.639295340    
  0.135600001      0.641181171    
  0.136000007      0.643067002    
  0.136400014      0.644952834    
  0.136800021      0.646838665    
  0.137200028      0.648724496    
  0.137600034      0.650610328    
  0.138000041      0.652496159    
  0.138400048      0.654381990    
  0.138800055      0.656267822    
  0.139200062      0.658153653    
  0.139600068      0.660039485    
  0.140000075      0.661925316    
  0.140400082      0.663811147    
  0.140800089      0.665696979    
  0.141200095      0.667582810    
  0.141600102      0.669468641    
  0.142000109      0.671354473    
  0.142400116      0.673240304    
  0.142800122      0.675126135    
  0.143200129      0.677011967    
  0.143600136      0.678897798    
  0.144000143      0.680783629    
  0.144400150      0.682669461    
  0.144800156      0.684555292    
  0.145200163      0.686441123    
  0.145600170      0.688326955    
  0.146000177      0.690212786    
  0.146400183      0.692098618    
  0.146800190      0.693984449    
  0.147200197      0.695870280    
  0.147600204      0.697756112    
  0.148000211      0.699641943    
  0.148400217      0.701527774    
  0.148800224      0.703413606    
  0.149200231      0.705299437    
  0.149600238      0.707185268    
  0.150000244      0.709071100    
  0.150400251      0.710956931    
  0.150800258      0.712842762    
  0.151200265      0.714728594    
  0.151600271      0.716614425    
  0.152000278      0.718500257    
  0.152400285      0.720386088    
  0.152800292      0.722271919    
  0.153200299      0.724157751    
  0.153600305      0.726043582    
  0.154000312      0.727929413    
  0.154400319      0.729815245    
  0.154800326      0.731701076    
  0.155200332      0.733586907    
  0.155600339      0.735472739    
  0.156000346      0.737358570    
  0.156400353      0.739244401    
  0.156800359      0.741130233    
  0.157200366      0.743016064    
  0.157600373      0.744901896    
  0.158000380      0.746787727    
  0.158400387      0.748673558    
  0.158800393      0.750559390    
  0.159200400      0.752445221    
  0.159600407      0.754331052    
  0.160000414      0.756216884    
  0.160400420      0.758102715    
  0.160800427      0.759988546    
  0.161200434      0.761874378    
  0.161600441      0.763760209    
  0.162000448      0.765646040    
  0.162400454      0.767531872    
  0.162800461      0.769417703    
  0.163200468      0.771303535    
  0.163600475      0.773189366    
  0.164000481      0.775075197    
  0.164400488      0.776961029    
  0.164800495      0.778846860    
  0.165200502      0.780732691    
  0.165600508      0.782618523    
  0.166000515      0.784504354    
  0.166400522      0.786390185    
  0.166800529      0.788276017    
  0.167200536      0.790161848    
  0.167600542      0.792047679    
  0.168000549      0.793933511    
  0.168400556      0.795819342    
  0.168800563      0.797705173    
  0.169200569      0.799591005    
  0.169600576      0.801476836    
  0.170000583      0.803362668    
  0.170400590      0.805248499    
  0.170800596      0.807134330    
  0.171200603      0.809020162    
  0.171600610      0.810905993    
  0.172000617      0.812791824    
  0.172400624      0.814677656    
  0.172800630      0.816563487    
  0.173200637      0.818449318    
  0.173600644      0.820335150    
  0.174000651      0.822220981    
  0.174400657      0.824106812    
  0.174800664      0.825992644    
  0.175200671      0.827878475    
  0.175600678      0.829764307    
  0.176000684      0.831650138    
  0.176400691      0.833535969    
  0.176800698      0.835421801    
  0.177200705      0.837307632    
  0.177600712      0.839193463    
  0.178000718      0.841079295    
  0.178400725      0.842965126    
  0.178800732      0.844850957    
  0.179200739      0.846736789    
  0.179600745      0.848622620    
  0.180000752      0.850508451    
  0.180400759      0.852394283    
  0.180800766      0.854280114    
  0.181200773      0.856165946    
  0.181600779      0.858051777    
  0.182000786      0.859937608    
  0.182400793      0.861823440    
  0.182800800      0.863709271    
  0.183200806      0.865595102    
  0.183600813      0.867480934    
  0.184000820      0.869366765    
  0.184400827      0.871252596    
  0.184800833      0.873138428    
  0.185200840      0.875024259    
  0.185600847      0.876910090    
  0.186000854      0.878795922    
  0.186400861      0.880681753    
  0.186800867      0.882567585    
  0.187200874      0.884453416    
  0.187600881      0.886339247    
  0.188000888      0.888225079    
  0.188400894      0.890110910    
  0.188800901      0.891996741    
  0.189200908      0.893882573    
  0.189600915      0.895768404    
  0.190000921      0.897654235    
  0.190400928      0.899540067    
  0.190800935      0.901425898    
  0.191200942      0.903311729    
  0.191600949      0.905197561    
  0.192000955      0.907083392    
  0.192400962      0.908969223    
  0.192800969      0.910855055    
  0.193200976      0.912740886    
  0.193600982      0.914626718    
  0.194000989      0.916512549    
  0.194400996      0.918398380    
  0.194801003      0.920284212    
  0.195201010      0.922170043    
  0.195601016      0.924055874    
  0.196001023      0.925941706    
  0.196401030      0.927827537    
  0.196801037      0.929713368    
  0.197201043      0.931599200    
  0.197601050      0.933485031    
  0.198001057      0.935370862    
  0.198401064      0.937256694    
  0.198801070      0.939142525    
  0.199201077      0.941028357    
  0.199601084      0.942914188    
  0.200001091      0.944800019    
  0.200401098      0.946685851    
  0.200801104      0.948571682    
  0.201201111      0.950457513    
  0.201601118      0.952343345    
  0.202001125      0.954229176    
  0.202401131      0.956115007    
  0.202801138      0.958000839    
  0.203201145      0.959886670    
  0.203601152      0.961772501    
  0.204001158      0.963658333    
  0.204401165      0.965544164    
  0.204801172      0.967429996    
  0.205201179      0.969315827    
  0.205601186      0.971201658    
  0.206001192      0.973087490    
  0.206401199      0.974973321    
  0.206801206      0.976859152    
  0.207201213      0.978744984    
  0.207601219      0.980630815    
  0.208001226      0.982516646    
  0.208401233      0.984402478    
  0.208801240      0.986288309    
  0.209201247      0.988174140    
  0.209601253      0.990059972    
  0.210001260      0.991945803    
  0.210401267      0.993831635    
  0.210801274      0.995717466    
  0.211201280      0.997603297    
  0.211601287      0.999489129    
  0.212001294       1.00137496    
  0.212401301       1.00326073    
  0.212801307       1.00514650    
  0.213201314       1.00703228    
  0.213601321       1.00891805    
  0.214001328       1.01080382    
  0.214401335       1.01268959    
  0.214801341       1.01457536    
  0.215201348       1.01646113    
  0.215601355       1.01834691    
  0.216001362       1.02023268    
  0.216401368       1.02211845    
  0.216801375       1.02400422    
  0.217201382       1.02588999    
  0.217601389       1.02777576    
  0.218001395       1.02966154    
  0.218401402       1.03154731    
  0.218801409       1.03343308    
  0.219201416       1.03531885    
  0.219601423       1.03720462    
  0.220001429       1.03909039    
  0.220401436       1.04097617    
  0.220801443       1.04286194    
  0.221201450       1.04474771    
  0.221601456       1.04663348    
  0.222001463       1.04851925    
  0.222401470       1.05040503    
  0.222801477       1.05229080    
  0.223201483       1.05417657    
  0.223601490       1.05606234    
  0.224001497       1.05794811    
  0.224401504       1.05983388    
  0.224801511       1.06171966    
  0.225201517       1.06360543    
  0.225601524       1.06549120    
  0.226001531       1.06737697    
  0.226401538       1.06926274    
  0.226801544       1.07114851    
  0.227201551       1.07303429    
  0.227601558       1.07492006    
  0.228001565       1.07680583    
  0.228401572       1.07869160    
  0.228801578       1.08057737    
  0.229201585       1.08246315    
  0.229601592       1.08434892    
  0.230001599       1.08623469    
  0.230401605       1.08812046    
  0.230801612       1.09000623    
  0.231201619       1.09189200    
  0.231601626       1.09377778    
  0.232001632       1.09566355    
  0.232401639       1.09754932    
  0.232801646       1.09943509    
  0.233201653       1.10132086    
  0.233601660       1.10320663    
  0.234001666       1.10509241    
  0.234401673       1.10697818    
  0.234801680       1.10886395    
  0.235201687       1.11074972    
  0.235601693       1.11263549    
  0.236001700       1.11452127    
  0.236401707       1.11640704    
  0.236801714       1.11829281    
  0.237201720       1.12017858    
  0.237601727       1.12206435    
  0.238001734       1.12395012    
  0.238401741       1.12583590    
  0.238801748       1.12772167    
  0.239201754       1.12960744    
  0.239601761       1.13149321    
  0.240001768       1.13337898    
  0.240401775       1.13526475    
  0.240801781       1.13715053    
  0.241201788       1.13903630    
  0.241601795       1.14092207    
  0.242001802       1.14280784    
  0.242401809       1.14469361    
  0.242801815       1.14657938    
  0.243201822       1.14846516    
  0.243601829       1.15035093    
  0.244001836       1.15223670    
  0.244401842       1.15412247    
  0.244801849       1.15600824    
  0.245201856       1.15789402    
  0.245601863       1.15977979    
  0.246001869       1.16166556    
  0.246401876       1.16355133    
  0.246801883       1.16543710    
  0.247201890       1.16732287    
  0.247601897       1.16920865    
  0.248001903       1.17109442    
  0.248401910       1.17298019    
  0.248801917       1.17486596    
  0.249201924       1.17675173    
  0.249601930       1.17863750    
  0.250001937       1.18052328    
  0.250401944       1.18240905    
  0.250801951       1.18429482    
  0.251201957       1.18618059    
  0.251601964       1.18806636    
  0.252001971       1.18995214    
  0.252401978       1.19183791    
  0.252801985       1.19372368    
  0.253201991       1.19560945    
  0.253601998       1.19749522    
  0.254002005       1.19938099    
  0.254402012       1.20126677    
  0.254802018       1.20315254    
  0.255202025       1.20503831    
  0.255602032       1.20692408    
  0.256002039       1.20880985    
  0.256402045       1.21069562    
  0.256802052       1.21258140    
  0.257202059       1.21446717    
  0.257602066       1.21635294    
  0.258002073       1.21823871    
  0.258402079       1.22012448    
  0.258802086       1.22201025    
  0.259202093       1.22389603    
  0.259602100       1.22578180    
  0.260002106       1.22766757    
  0.260402113       1.22955334    
  0.260802120       1.23143911    
  0.261202127       1.23332489    
  0.261602134       1.23521066    
  0.262002140       1.23709643    
  0.262402147       1.23898220    
  0.262802154       1.24086797    
  0.263202161       1.24275374    
  0.263602167       1.24463952    
  0.264002174       1.24652529    
  0.264402181       1.24841106    
  0.264802188       1.25029683    
  0.265202194       1.25218260    
  0.265602201       1.25406837    
  0.266002208       1.25595415    
  0.266402215       1.25783992    
  0.266802222       1.25972569    
  0.267202228       1.26161146    
  0.267602235       1.26349723    
  0.268002242       1.26538301    
  0.268402249       1.26726878    
  0.268802255       1.26915455    
  0.269202262       1.27104032    
  0.269602269       1.27292609    
  0.270002276       1.27481186    
  0.270402282       1.27669764    
  0.270802289       1.27858341    
  0.271202296       1.28046918    
  0.271602303       1.28235495    
  0.272002310       1.28424072    
  0.272402316       1.28612649    
  0.272802323       1.28801227    
  0.273202330       1.28989804    
  0.273602337       1.29178381    
  0.274002343       1.29366958    
  0.274402350       1.29555535    
  0.274802357       1.29744112    
  0.275202364       1.29932690    
  0.275602371       1.30121267    
  0.276002377       1.30309844    
  0.276402384       1.30498421    
  0.276802391       1.30686998    
  0.277202398       1.30875576    
  0.277602404       1.31064153    
  0.278002411       1.31252730    
  0.278402418       1.31441307    
  0.278802425       1.31629884    
  0.279202431       1.31818461    
  0.279602438       1.32007039    
  0.280002445       1.32195616    
  0.280402452       1.32384193    
  0.280802459       1.32572770    
  0.281202465       1.32761347    
  0.281602472       1.32949924    
  0.282002479       1.33138502    
  0.282402486       1.33327079    
  0.282802492       1.33515656    
  0.283202499       1.33704233    
  0.283602506       1.33892810    
  0.284002513       1.34081388    
  0.284402519       1.34269965    
  0.284802526       1.34458542    
  0.285202533       1.34647119    
  0.285602540       1.34835696    
  0.286002547       1.35024273    
  0.286402553       1.35212851    
  0.286802560       1.35401428    
  0.287202567       1.35590005    
  0.287602574       1.35778582    
  0.288002580       1.35967159    
  0.288402587       1.36155736    
  0.288802594       1.36344314    
  0.289202601       1.36532891    
  0.289602607       1.36721468    
  0.290002614       1.36910045    
  0.290402621       1.37098622    
  0.290802628       1.37287199    
  0.291202635       1.37475777    
  0.291602641       1.37664354    
  0.292002648       1.37852931    
  0.292402655       1.38041508    
  0.292802662       1.38230085    
  0.293202668       1.38418663    
  0.293602675       1.38607240    
  0.294002682       1.38795817    
  0.294402689       1.38984394    
  0.294802696       1.39172971    
  0.295202702       1.39361548    
  0.295602709       1.39550126    
  0.296002716       1.39738703    
  0.296402723       1.39927280    
  0.296802729       1.40115857    
  0.297202736       1.40304434    
  0.297602743       1.40493011    
  0.298002750       1.40681589    
  0.298402756       1.40870166    
  0.298802763       1.41058743    
  0.299202770       1.41247320    
  0.299602777       1.41435897    
  0.300002784       1.41624475    
  0.300402790       1.41813052    
  0.300802797       1.42001629    
  0.301202804       1.42190206    
  0.301602811       1.42378783    
  0.302002817       1.42567360    
  0.302402824       1.42755938    
  0.302802831       1.42944515    
  0.303202838       1.43133092    
  0.303602844       1.43321669    
  0.304002851       1.43510246    
  0.304402858       1.43698823    
  0.304802865       1.43887401    
  0.305202872       1.44075978    
  0.305602878       1.44264555    
  0.306002885       1.44453132    
  0.306402892       1.44641709    
  0.306802899       1.44830287    
  0.307202905       1.45018864    
  0.307602912       1.45207441    
  0.308002919       1.45396018    
  0.308402926       1.45584595    
  0.308802933       1.45773172    
  0.309202939       1.45961750    
  0.309602946       1.46150327    
  0.310002953       1.46338904    
  0.310402960       1.46527481    
  0.310802966       1.46716058    
  0.311202973       1.46904635    
  0.311602980       1.47093213    
  0.312002987       1.47281790    
  0.312402993       1.47470367    
  0.312803000       1.47658944    
  0.313203007       1.47847521    
  0.313603014       1.48036098    
  0.314003021       1.48224676    
  0.314403027       1.48413253    
  0.314803034       1.48601830    
  0.315203041       1.48790407    
  0.315603048       1.48978984    
  0.316003054       1.49167562    
  0.316403061       1.49356139    
  0.316803068       1.49544716    
  0.317203075       1.49733293    
  0.317603081       1.49921870    
  0.318003088       1.50110447    
  0.318403095       1.50299025    
  0.318803102       1.50487602    
  0.319203109       1.50676179    
  0.319603115       1.50864756    
  0.320003122       1.51053333    
  0.320403129       1.51241910    
  0.320803136       1.51430488    
  0.321203142       1.51619065    
  0.321603149       1.51807642    
  0.322003156       1.51996219    
  0.322403163       1.52184796    
  0.322803169       1.52373374    
  0.323203176       1.52561951    
  0.323603183       1.52750528    
  0.324003190       1.52939105    
  0.324403197       1.53127682    
  0.324803203       1.53316259    
  0.325203210       1.53504837    
  0.325603217       1.53693414    
  0.326003224       1.53881991    
  0.326403230       1.54070568    
  0.326803237       1.54259145    
  0.327203244       1.54447722    
  0.327603251       1.54636300    
  0.328003258       1.54824877    
  0.328403264       1.55013454    
  0.328803271       1.55202031    
  0.329203278       1.55390608    
  0.329603285       1.55579185    
  0.330003291       1.55767763    
  0.330403298       1.55956340    
  0.330803305       1.56144917    
  0.331203312       1.56333494    
  0.331603318       1.56522071    
  0.332003325       1.56710649    
  0.332403332       1.56899226    
  0.332803339       1.57087803    
  0.333203346       1.57276380    
  0.333603352       1.57464957    
  0.334003359       1.57653534    
  0.334403366       1.57842112    
  0.334803373       1.58030689    
  0.335203379       1.58219266    
  0.335603386       1.58407843    
  0.336003393       1.58596420    
  0.336403400       1.58784997    
  0.336803406       1.58973575    
  0.337203413       1.59162152    
  0.337603420       1.59350729    
  0.338003427       1.59539306    
  0.338403434       1.59727883    
  0.338803440       1.59916461    
  0.339203447       1.60105038    
  0.339603454       1.60293615    
  0.340003461       1.60482192    
  0.340403467       1.60670769    
  0.340803474       1.60859346    
  0.341203481       1.61047924    
  0.341603488       1.61236501    
  0.342003495       1.61425078    
  0.342403501       1.61613655    
  0.342803508       1.61802232    
  0.343203515       1.61990809    
  0.343603522       1.62179387    
  0.344003528       1.62367964    
  0.344403535       1.62556541    
  0.344803542       1.62745118    
  0.345203549       1.62933695    
  0.345603555       1.63122272    
  0.346003562       1.63310850    
  0.346403569       1.63499427    
  0.346803576       1.63688004    
  0.347203583       1.63876581    
  0.347603589       1.64065158    
  0.348003596       1.64253736    
  0.348403603       1.64442313    
  0.348803610       1.64630890    
  0.349203616       1.64819467    
  0.349603623       1.65008044    
  0.350003630       1.65196621    
  0.350403637       1.65385199    
  0.350803643       1.65573776    
  0.351203650       1.65762353    
  0.351603657       1.65950930    
  0.352003664       1.66139507    
  0.352403671       1.66328084    
  0.352803677       1.66516662    
  0.353203684       1.66705239    
  0.353603691       1.66893816    
  0.354003698       1.67082393    
  0.354403704       1.67270970    
  0.354803711       1.67459548    
  0.355203718       1.67648125    
  0.355603725       1.67836702    
  0.356003731       1.68025279    
  0.356403738       1.68213856    
  0.356803745       1.68402433    
  0.357203752       1.68591011    
  0.357603759       1.68779588    
  0.358003765       1.68968165    
  0.358403772       1.69156742    
  0.358803779       1.69345319    
  0.359203786       1.69533896    
  0.359603792       1.69722474    
  0.360003799       1.69911051    
  0.360403806       1.70099628    
  0.360803813       1.70288205    
  0.361203820       1.70476782    
  0.361603826       1.70665359    
  0.362003833       1.70853937    
  0.362403840       1.71042514    
  0.362803847       1.71231091    
  0.363203853       1.71419668    
  0.363603860       1.71608245    
  0.364003867       1.71796823    
  0.364403874       1.71985400    
  0.364803880       1.72173977    
  0.365203887       1.72362554    
  0.365603894       1.72551131    
  0.366003901       1.72739708    
  0.366403908       1.72928286    
  0.366803914       1.73116863    
  0.367203921       1.73305440    
  0.367603928       1.73494017    
  0.368003935       1.73682594    
  0.368403941       1.73871171    
  0.368803948       1.74059749    
  0.369203955       1.74248326    
  0.369603962       1.74436903    
  0.370003968       1.74625480    
  0.370403975       1.74814057    
  0.370803982       1.75002635    
  0.371203989       1.75191212    
  0.371603996       1.75379789    
  0.372004002       1.75568366    
  0.372404009       1.75756943    
  0.372804016       1.75945520    
  0.373204023       1.76134098    
  0.373604029       1.76322675    
  0.374004036       1.76511252    
  0.374404043       1.76699829    
  0.374804050       1.76888406    
  0.375204057       1.77076983    
  0.375604063       1.77265561    
  0.376004070       1.77454138    
  0.376404077       1.77642715    
  0.376804084       1.77831292    
  0.377204090       1.78019869    
  0.377604097       1.78208447    
  0.378004104       1.78397024    
  0.378404111       1.78585601    
  0.378804117       1.78774178    
  0.379204124       1.78962755    
  0.379604131       1.79151332    
  0.380004138       1.79339910    
  0.380404145       1.79528487    
  0.380804151       1.79717064    
  0.381204158       1.79905641    
  0.381604165       1.80094218    
  0.382004172       1.80282795    
  0.382404178       1.80471373    
  0.382804185       1.80659950    
  0.383204192       1.80848527    
  0.383604199       1.81037104    
  0.384004205       1.81225681    
  0.384404212       1.81414258    
  0.384804219       1.81602836    
  0.385204226       1.81791413    
  0.385604233       1.81979990    
  0.386004239       1.82168567    
  0.386404246       1.82357144    
  0.386804253       1.82545722    
  0.387204260       1.82734299    
  0.387604266       1.82922876    
  0.388004273       1.83111453    
  0.388404280       1.83300030    
  0.388804287       1.83488607    
  0.389204293       1.83677185    
  0.389604300       1.83865762    
  0.390004307       1.84054339    
  0.390404314       1.84242916    
  0.390804321       1.84431493    
  0.391204327       1.84620070    
  0.391604334       1.84808648    
  0.392004341       1.84997225    
  0.392404348       1.85185802    
  0.392804354       1.85374379    
  0.393204361       1.85562956    
  0.393604368       1.85751534    
  0.394004375       1.85940111    
  0.394404382       1.86128688    
  0.394804388       1.86317265    
  0.395204395       1.86505842    
  0.395604402       1.86694419    
  0.396004409       1.86882997    
  0.396404415       1.87071574    
  0.396804422       1.87260151    
  0.397204429       1.87448728    
  0.397604436       1.87637305    
  0.398004442       1.87825882    
  0.398404449       1.88014460    
  0.398804456       1.88203037    
  0.399204463       1.88391614    
  0.399604470       1.88580191    
  0.400004476       1.88768768    
  0.400404483       1.88957345    
  0.400804490       1.89145923    
  0.401204497       1.89334500    
  0.401604503       1.89523077    
  0.402004510       1.89711654    
  0.402404517       1.89900231    
  0.402804524       1.90088809    
  0.403204530       1.90277386    
  0.403604537       1.90465963    
  0.404004544       1.90654540    
  0.404404551       1.90843117    
  0.404804558       1.91031694    
  0.405204564       1.91220272    
  0.405604571       1.91408849    
  0.406004578       1.91597426    
  0.406404585       1.91786003    
  0.406804591       1.91974580    
  0.407204598       1.92163157    
  0.407604605       1.92351735    
  0.408004612       1.92540312    
  0.408404619       1.92728889    
  0.408804625       1.92917466    
  0.409204632       1.93106043    
  0.409604639       1.93294621    
  0.410004646       1.93483198    
  0.410404652       1.93671775    
  0.410804659       1.93860352    
  0.411204666       1.94048929    
  0.411604673       1.94237506    
  0.412004679       1.94426084    
  0.412404686       1.94614661    
  0.412804693       1.94803238    
  0.413204700       1.94991815    
  0.413604707       1.95180392    
  0.414004713       1.95368969    
  0.414404720       1.95557547    
  0.414804727       1.95746124    
  0.415204734       1.95934701    
  0.415604740       1.96123278    
  0.416004747       1.96311855    
  0.416404754       1.96500432    
  0.416804761       1.96689010    
  0.417204767       1.96877587    
  0.417604774       1.97066164    
  0.418004781       1.97254741    
  0.418404788       1.97443318    
  0.418804795       1.97631896    
  0.419204801       1.97820473    
  0.419604808       1.98009050    
  0.420004815       1.98197627    
  0.420404822       1.98386204    
  0.420804828       1.98574781    
  0.421204835       1.98763359    
  0.421604842       1.98951936    
  0.422004849       1.99140513    
  0.422404855       1.99329090    
  0.422804862       1.99517667    
  0.423204869       1.99706244    
  0.423604876       1.99894822    
  0.424004883       2.00083399    
  0.424404889       2.00271988    
  0.424804896       2.00460577    
  0.425204903       2.00649166    
  0.425604910       2.00837755    
  0.426004916       2.01026344    
  0.426404923       2.01214933    
  0.426804930       2.01403522    
  0.427204937       2.01592112    
  0.427604944       2.01780701    
  0.428004950       2.01969290    
  0.428404957       2.02157879    
  0.428804964       2.02346468    
  0.429204971       2.02535057    
  0.429604977       2.02723646    
  0.430004984       2.02912235    
  0.430404991       2.03100824    
  0.430804998       2.03289413    
  0.431205004       2.03478003    
  0.431605011       2.03666592    
  0.432005018       2.03855181    
  0.432405025       2.04043770    
  0.432805032       2.04232359    
  0.433205038       2.04420948    
  0.433605045       2.04609537    
  0.434005052       2.04798126    
  0.434405059       2.04986715    
  0.434805065       2.05175304    
  0.435205072       2.05363894    
  0.435605079       2.05552483    
  0.436005086       2.05741072    
  0.436405092       2.05929661    
  0.436805099       2.06118250    
  0.437205106       2.06306839    
  0.437605113       2.06495428    
  0.438005120       2.06684017    
  0.438405126       2.06872606    
  0.438805133       2.07061195    
  0.439205140       2.07249784    
  0.439605147       2.07438374    
  0.440005153       2.07626963    
  0.440405160       2.07815552    
  0.440805167       2.08004141    
  0.441205174       2.08192730    
  0.441605181       2.08381319    
  0.442005187       2.08569908    
  0.442405194       2.08758497    
  0.442805201       2.08947086    
  0.443205208       2.09135675    
  0.443605214       2.09324265    
  0.444005221       2.09512854    
  0.444405228       2.09701443    
  0.444805235       2.09890032    
  0.445205241       2.10078621    
  0.445605248       2.10267210    
  0.446005255       2.10455799    
  0.446405262       2.10644388    
  0.446805269       2.10832977    
  0.447205275       2.11021566    
  0.447605282       2.11210155    
  0.448005289       2.11398745    
  0.448405296       2.11587334    
  0.448805302       2.11775923    
  0.449205309       2.11964512    
  0.449605316       2.12153101    
  0.450005323       2.12341690    
  0.450405329       2.12530279    
  0.450805336       2.12718868    
  0.451205343       2.12907457    
  0.451605350       2.13096046    
  0.452005357       2.13284636    
  0.452405363       2.13473225    
  0.452805370       2.13661814    
  0.453205377       2.13850403    
  0.453605384       2.14038992    
  0.454005390       2.14227581    
  0.454405397       2.14416170    
  0.454805404       2.14604759    
  0.455205411       2.14793348    
  0.455605417       2.14981937    
  0.456005424       2.15170527    
  0.456405431       2.15359116    
  0.456805438       2.15547705    
  0.457205445       2.15736294    
  0.457605451       2.15924883    
  0.458005458       2.16113472    
  0.458405465       2.16302061    
  0.458805472       2.16490650    
  0.459205478       2.16679239    
  0.459605485       2.16867828    
  0.460005492       2.17056417    
  0.460405499       2.17245007    
  0.460805506       2.17433596    
  0.461205512       2.17622185    
  0.461605519       2.17810774    
  0.462005526       2.17999363    
  0.462405533       2.18187952    
  0.462805539       2.18376541    
  0.463205546       2.18565130    
  0.463605553       2.18753719    
  0.464005560       2.18942308    
  0.464405566       2.19130898    
  0.464805573       2.19319487    
  0.465205580       2.19508076    
  0.465605587       2.19696665    
  0.466005594       2.19885254    
  0.466405600       2.20073843    
  0.466805607       2.20262432    
  0.467205614       2.20451021    
  0.467605621       2.20639610    
  0.468005627       2.20828199    
  0.468405634       2.21016788    
  0.468805641       2.21205378    
  0.469205648       2.21393967    
  0.469605654       2.21582556    
  0.470005661       2.21771145    
  0.470405668       2.21959734    
  0.470805675       2.22148323    
  0.471205682       2.22336912    
  0.471605688       2.22525501    
  0.472005695       2.22714090    
  0.472405702       2.22902679    
  0.472805709       2.23091269    
  0.473205715       2.23279858    
  0.473605722       2.23468447    
  0.474005729       2.23657036    
  0.474405736       2.23845625    
  0.474805743       2.24034214    
  0.475205749       2.24222803    
  0.475605756       2.24411392    
  0.476005763       2.24599981    
  0.476405770       2.24788570    
  0.476805776       2.24977160    
  0.477205783       2.25165749    
  0.477605790       2.25354338    
  0.478005797       2.25542927    
  0.478405803       2.25731516    
  0.478805810       2.25920105    
  0.479205817       2.26108694    
  0.479605824       2.26297283    
  0.480005831       2.26485872    
  0.480405837       2.26674461    
  0.480805844       2.26863050    
  0.481205851       2.27051640    
  0.481605858       2.27240229    
  0.482005864       2.27428818    
  0.482405871       2.27617407    
  0.482805878       2.27805996    
  0.483205885       2.27994585    
  0.483605891       2.28183174    
  0.484005898       2.28371763    
  0.484405905       2.28560352    
  0.484805912       2.28748941    
  0.485205919       2.28937531    
  0.485605925       2.29126120    
  0.486005932       2.29314709    
  0.486405939       2.29503298    
  0.486805946       2.29691887    
  0.487205952       2.29880476    
  0.487605959       2.30069065    
  0.488005966       2.30257654    
  0.488405973       2.30446243    
  0.488805979       2.30634832    
  0.489205986       2.30823421    
  0.489605993       2.31012011    
  0.490006000       2.31200600    
  0.490406007       2.31389189    
  0.490806013       2.31577778    
  0.491206020       2.31766367    
  0.491606027       2.31954956    
  0.492006034       2.32143545    
  0.492406040       2.32332134    
  0.492806047       2.32520723    
  0.493206054       2.32709312    
  0.493606061       2.32897902    
  0.494006068       2.33086491    
  0.494406074       2.33275080    
  0.494806081       2.33463669    
  0.495206088       2.33652258    
  0.495606095       2.33840847    
  0.496006101       2.34029436    
  0.496406108       2.34218025    
  0.496806115       2.34406614    
  0.497206122       2.34595203    
  0.497606128       2.34783792    
  0.498006135       2.34972382    
  0.498406142       2.35160971    
  0.498806149       2.35349560    
  0.499206156       2.35538149    
  0.499606162       2.35726738    
  0.500006139       2.35915327    
  0.500406146       2.36103916    
  0.500806153       2.36292505    
  0.501206160       2.36481094    
  0.501606166       2.36669683    
  0.502006173       2.36858273    
  0.502406180       2.37046862    
  0.502806187       2.37235451    
  0.503206193       2.37424040    
  0.503606200       2.37612629    
  0.504006207       2.37801218    
  0.504406214       2.37989807    
  0.504806221       2.38178396    
  0.505206227       2.38366985    
  0.505606234       2.38555574    
  0.506006241       2.38744164    
  0.506406248       2.38932753    
  0.506806254       2.39121342    
  0.507206261       2.39309931    
  0.507606268       2.39498520    
  0.508006275       2.39687109    
  0.508406281       2.39875698    
  0.508806288       2.40064287    
  0.509206295       2.40252876    
  0.509606302       2.40441465    
  0.510006309       2.40630054    
  0.510406315       2.40818644    
  0.510806322       2.41007233    
  0.511206329       2.41195822    
  0.511606336       2.41384411    
  0.512006342       2.41573000    
  0.512406349       2.41761589    
  0.512806356       2.41950178    
  0.513206363       2.42138767    
  0.513606369       2.42327356    
  0.514006376       2.42515945    
  0.514406383       2.42704535    
  0.514806390       2.42893124    
  0.515206397       2.43081713    
  0.515606403       2.43270302    
  0.516006410       2.43458891    
  0.516406417       2.43647480    
  0.516806424       2.43836069    
  0.517206430       2.44024658    
  0.517606437       2.44213247    
  0.518006444       2.44401836    
  0.518406451       2.44590425    
  0.518806458       2.44779015    
  0.519206464       2.44967604    
  0.519606471       2.45156193    
  0.520006478       2.45344782    
  0.520406485       2.45533371    
  0.520806491       2.45721960    
  0.521206498       2.45910549    
  0.521606505       2.46099138    
  0.522006512       2.46287727    
  0.522406518       2.46476316    
  0.522806525       2.46664906    
  0.523206532       2.46853495    
  0.523606539       2.47042084    
  0.524006546       2.47230673    
  0.524406552       2.47419262    
  0.524806559       2.47607851    
  0.525206566       2.47796440    
  0.525606573       2.47985029    
  0.526006579       2.48173618    
  0.526406586       2.48362207    
  0.526806593       2.48550797    
  0.527206600       2.48739386    
  0.527606606       2.48927975    
  0.528006613       2.49116564    
  0.528406620       2.49305153    
  0.528806627       2.49493742    
  0.529206634       2.49682331    
  0.529606640       2.49870920    
  0.530006647       2.50059509    
  0.530406654       2.50248098    
  0.530806661       2.50436687    
  0.531206667       2.50625277    
  0.531606674       2.50813866    
  0.532006681       2.51002455    
  0.532406688       2.51191044    
  0.532806695       2.51379633    
  0.533206701       2.51568222    
  0.533606708       2.51756811    
  0.534006715       2.51945400    
  0.534406722       2.52133989    
  0.534806728       2.52322578    
  0.535206735       2.52511168    
  0.535606742       2.52699757    
  0.536006749       2.52888346    
  0.536406755       2.53076935    
  0.536806762       2.53265524    
  0.537206769       2.53454113    
  0.537606776       2.53642702    
  0.538006783       2.53831291    
  0.538406789       2.54019880    
  0.538806796       2.54208469    
  0.539206803       2.54397058    
  0.539606810       2.54585648    
  0.540006816       2.54774237    
  0.540406823       2.54962826    
  0.540806830       2.55151415    
  0.541206837       2.55340004    
  0.541606843       2.55528593    
  0.542006850       2.55717182    
  0.542406857       2.55905771    
  0.542806864       2.56094360    
  0.543206871       2.56282949    
  0.543606877       2.56471539    
  0.544006884       2.56660128    
  0.544406891       2.56848717    
  0.544806898       2.57037306    
  0.545206904       2.57225895    
  0.545606911       2.57414484    
  0.546006918       2.57603073    
  0.546406925       2.57791662    
  0.546806931       2.57980251    
  0.547206938       2.58168840    
  0.547606945       2.58357430    
  0.548006952       2.58546019    
  0.548406959       2.58734608    
  0.548806965       2.58923197    
  0.549206972       2.59111786    
  0.549606979       2.59300375    
  0.550006986       2.59488964    
  0.550406992       2.59677553    
  0.550806999       2.59866142    
  0.551207006       2.60054731    
  0.551607013       2.60243320    
  0.552007020       2.60431910    
  0.552407026       2.60620499    
  0.552807033       2.60809088    
  0.553207040       2.60997677    
  0.553607047       2.61186266    
  0.554007053       2.61374855    
  0.554407060       2.61563444    
  0.554807067       2.61752033    
  0.555207074       2.61940622    
  0.555607080       2.62129211    
  0.556007087       2.62317801    
  0.556407094       2.62506390    
  0.556807101       2.62694979    
  0.557207108       2.62883568    
  0.557607114       2.63072157    
  0.558007121       2.63260746    
  0.558407128       2.63449335    
  0.558807135       2.63637924    
  0.559207141       2.63826513    
  0.559607148       2.64015102    
  0.560007155       2.64203691    
  0.560407162       2.64392281    
  0.560807168       2.64580870    
  0.561207175       2.64769459    
  0.561607182       2.64958048    
  0.562007189       2.65146637    
  0.562407196       2.65335226    
  0.562807202       2.65523815    
  0.563207209       2.65712404    
  0.563607216       2.65900993    
  0.564007223       2.66089582    
  0.564407229       2.66278172    
  0.564807236       2.66466761    
  0.565207243       2.66655350    
  0.565607250       2.66843939    
  0.566007257       2.67032528    
  0.566407263       2.67221117    
  0.566807270       2.67409706    
  0.567207277       2.67598295    
  0.567607284       2.67786884    
  0.568007290       2.67975473    
  0.568407297       2.68164062    
  0.568807304       2.68352652    
  0.569207311       2.68541241    
  0.569607317       2.68729830    
  0.570007324       2.68918419    
  0.570407331       2.69107008    
  0.570807338       2.69295597    
  0.571207345       2.69484186    
  0.571607351       2.69672775    
  0.572007358       2.69861364    
  0.572407365       2.70049953    
  0.572807372       2.70238543    
  0.573207378       2.70427132    
  0.573607385       2.70615721    
  0.574007392       2.70804310    
  0.574407399       2.70992899    
  0.574807405       2.71181488    
  0.575207412       2.71370077    
  0.575607419       2.71558666    
  0.576007426       2.71747255    
  0.576407433       2.71935844    
  0.576807439       2.72124434    
  0.577207446       2.72313023    
  0.577607453       2.72501612    
  0.578007460       2.72690201    
  0.578407466       2.72878790    
  0.578807473       2.73067379    
  0.579207480       2.73255968    
  0.579607487       2.73444557    
  0.580007493       2.73633146    
  0.580407500       2.73821735    
  0.580807507       2.74010324    
  0.581207514       2.74198914    
  0.581607521       2.74387503    
  0.582007527       2.74576092    
  0.582407534       2.74764681    
  0.582807541       2.74953270    
  0.583207548       2.75141859    
  0.583607554       2.75330448    
  0.584007561       2.75519037    
  0.584407568       2.75707626    
  0.584807575       2.75896215    
  0.585207582       2.76084805    
  0.585607588       2.76273394    
  0.586007595       2.76461983    
  0.586407602       2.76650572    
  0.586807609       2.76839161    
  0.587207615       2.77027750    
  0.587607622       2.77216339    
  0.588007629       2.77404928    
  0.588407636       2.77593517    
  0.588807642       2.77782106    
  0.589207649       2.77970695    
  0.589607656       2.78159285    
  0.590007663       2.78347874    
  0.590407670       2.78536463    
  0.590807676       2.78725052    
  0.591207683       2.78913641    
  0.591607690       2.79102230    
  0.592007697       2.79290819    
  0.592407703       2.79479408    
  0.592807710       2.79667997    
  0.593207717       2.79856586    
  0.593607724       2.80045176    
  0.594007730       2.80233765    
  0.594407737       2.80422354    
  0.594807744       2.80610943    
  0.595207751       2.80799532    
  0.595607758       2.80988121    
  0.596007764       2.81176710    
  0.596407771       2.81365299    
  0.596807778       2.81553888    
  0.597207785       2.81742477    
  0.597607791       2.81931067    
  0.598007798       2.82119656    
  0.598407805       2.82308245    
  0.598807812       2.82496834    
  0.599207819       2.82685423    
  0.599607825       2.82874012    
  0.600007832       2.83062601    
  0.600407839       2.83251190    
  0.600807846       2.83439779    
  0.601207852       2.83628368    
  0.601607859       2.83816957    
  0.602007866       2.84005547    
  0.602407873       2.84194136    
  0.602807879       2.84382725    
  0.603207886       2.84571314    
  0.603607893       2.84759903    
  0.604007900       2.84948492    
  0.604407907       2.85137081    
  0.604807913       2.85325670    
  0.605207920       2.85514259    
  0.605607927       2.85702848    
  0.606007934       2.85891438    
  0.606407940       2.86080027    
  0.606807947       2.86268616    
  0.607207954       2.86457205    
  0.607607961       2.86645794    
  0.608007967       2.86834383    
  0.608407974       2.87022972    
  0.608807981       2.87211561    
  0.609207988       2.87400150    
  0.609607995       2.87588739    
  0.610008001       2.87777328    
  0.610408008       2.87965918    
  0.610808015       2.88154507    
  0.611208022       2.88343096    
  0.611608028       2.88531685    
  0.612008035       2.88720274    
  0.612408042       2.88908863    
  0.612808049       2.89097452    
  0.613208055       2.89286041    
  0.613608062       2.89474630    
  0.614008069       2.89663219    
  0.614408076       2.89851809    
  0.614808083       2.90040398    
  0.615208089       2.90228987    
  0.615608096       2.90417576    
  0.616008103       2.90606165    
  0.616408110       2.90794754    
  0.616808116       2.90983343    
  0.617208123       2.91171932    
  0.617608130       2.91360521    
  0.618008137       2.91549110    
  0.618408144       2.91737700    
  0.618808150       2.91926289    
  0.619208157       2.92114878    
  0.619608164       2.92303467    
  0.620008171       2.92492056    
  0.620408177       2.92680645    
  0.620808184       2.92869234    
  0.621208191       2.93057823    
  0.621608198       2.93246412    
  0.622008204       2.93435001    
  0.622408211       2.93623590    
  0.622808218       2.93812180    
  0.623208225       2.94000769    
  0.623608232       2.94189358    
  0.624008238       2.94377947    
  0.624408245       2.94566536    
  0.624808252       2.94755125    
  0.625208259       2.94943714    
  0.625608265       2.95132303    
  0.626008272       2.95320892    
  0.626408279       2.95509481    
  0.626808286       2.95698071    
  0.627208292       2.95886660    
  0.627608299       2.96075249    
  0.628008306       2.96263838    
  0.628408313       2.96452427    
  0.628808320       2.96641016    
  0.629208326       2.96829605    
  0.629608333       2.97018194    
  0.630008340       2.97206783    
  0.630408347       2.97395372    
  0.630808353       2.97583961    
  0.631208360       2.97772551    
  0.631608367       2.97961140    
  0.632008374       2.98149729    
  0.632408381       2.98338318    
  0.632808387       2.98526907    
  0.633208394       2.98715496    
  0.633608401       2.98904085    
  0.634008408       2.99092674    
  0.634408414       2.99281263    
  0.634808421       2.99469852    
  0.635208428       2.99658442    
  0.635608435       2.99847031    
  0.636008441       3.00035620    
  0.636408448       3.00224209    
  0.636808455       3.00412798    
  0.637208462       3.00601387    
  0.637608469       3.00789976    
  0.638008475       3.00978565    
  0.638408482       3.01167154    
  0.638808489       3.01355743    
  0.639208496       3.01544333    
  0.639608502       3.01732922    
  0.640008509       3.01921511    
  0.640408516       3.02110100    
  0.640808523       3.02298689    
  0.641208529       3.02487278    
  0.641608536       3.02675867    
  0.642008543       3.02864456    
  0.642408550       3.03053045    
  0.642808557       3.03241634    
  0.643208563       3.03430223    
  0.643608570       3.03618813    
  0.644008577       3.03807402    
  0.644408584       3.03995991    
  0.644808590       3.04184580    
  0.645208597       3.04373169    
  0.645608604       3.04561758    
  0.646008611       3.04750347    
  0.646408617       3.04938936    
  0.646808624       3.05127525    
  0.647208631       3.05316114    
  0.647608638       3.05504704    
  0.648008645       3.05693293    
  0.648408651       3.05881882    
  0.648808658       3.06070471    
  0.649208665       3.06259060    
  0.649608672       3.06447649    
  0.650008678       3.06636238    
  0.650408685       3.06824827    
  0.650808692       3.07013416    
  0.651208699       3.07202005    
  0.651608706       3.07390594    
  0.652008712       3.07579184    
  0.652408719       3.07767773    
  0.652808726       3.07956362    
  0.653208733       3.08144951    
  0.653608739       3.08333540    
  0.654008746       3.08522129    
  0.654408753       3.08710718    
  0.654808760       3.08899307    
  0.655208766       3.09087896    
  0.655608773       3.09276485    
  0.656008780       3.09465075    
  0.656408787       3.09653664    
  0.656808794       3.09842253    
  0.657208800       3.10030842    
  0.657608807       3.10219431    
  0.658008814       3.10408020    
  0.658408821       3.10596609    
  0.658808827       3.10785198    
  0.659208834       3.10973787    
  0.659608841       3.11162376    
  0.660008848       3.11350965    
  0.660408854       3.11539555    
  0.660808861       3.11728144    
  0.661208868       3.11916733    
  0.661608875       3.12105322    
  0.662008882       3.12293911    
  0.662408888       3.12482500    
  0.662808895       3.12671089    
  0.663208902       3.12859678    
  0.663608909       3.13048267    
  0.664008915       3.13236856    
  0.664408922       3.13425446    
  0.664808929       3.13614035    
  0.665208936       3.13802624    
  0.665608943       3.13991213    
  0.666008949       3.14179802    
  0.666408956       3.14368391    
  0.666808963       3.14556980    
  0.667208970       3.14745569    
  0.667608976       3.14934158    
  0.668008983       3.15122747    
  0.668408990       3.15311337    
  0.668808997       3.15499926    
  0.669209003       3.15688515    
  0.669609010       3.15877104    
  0.670009017       3.16065693    
  0.670409024       3.16254282    
  0.670809031       3.16442871    
  0.671209037       3.16631460    
  0.671609044       3.16820049    
  0.672009051       3.17008638    
  0.672409058       3.17197227    
  0.672809064       3.17385817    
  0.673209071       3.17574406    
  0.673609078       3.17762995    
  0.674009085       3.17951584    
  0.674409091       3.18140173    
  0.674809098       3.18328762    
  0.675209105       3.18517351    
  0.675609112       3.18705940    
  0.676009119       3.18894529    
  0.676409125       3.19083118    
  0.676809132       3.19271708    
  0.677209139       3.19460297    
  0.677609146       3.19648886    
  0.678009152       3.19837475    
  0.678409159       3.20026064    
  0.678809166       3.20214653    
  0.679209173       3.20403242    
  0.679609179       3.20591831    
  0.680009186       3.20780420    
  0.680409193       3.20969009    
  0.680809200       3.21157598    
  0.681209207       3.21346188    
  0.681609213       3.21534777    
  0.682009220       3.21723366    
  0.682409227       3.21911955    
  0.682809234       3.22100544    
  0.683209240       3.22289133    
  0.683609247       3.22477722    
  0.684009254       3.22666311    
  0.684409261       3.22854900    
  0.684809268       3.23043489    
  0.685209274       3.23232079    
  0.685609281       3.23420668    
  0.686009288       3.23609257    
  0.686409295       3.23797846    
  0.686809301       3.23986435    
  0.687209308       3.24175024    
  0.687609315       3.24363613    
  0.688009322       3.24552202    
  0.688409328       3.24740791    
  0.688809335       3.24929380    
  0.689209342       3.25117970    
  0.689609349       3.25306559    
  0.690009356       3.25495148    
  0.690409362       3.25683737    
  0.690809369       3.25872326    
  0.691209376       3.26060915    
  0.691609383       3.26249504    
  0.692009389       3.26438093    
  0.692409396       3.26626682    
  0.692809403       3.26815271    
  0.693209410       3.27003860    
  0.693609416       3.27192450    
  0.694009423       3.27381039    
  0.694409430       3.27569628    
  0.694809437       3.27758217    
  0.695209444       3.27946806    
  0.695609450       3.28135395    
  0.696009457       3.28323984    
  0.696409464       3.28512573    
  0.696809471       3.28701162    
  0.697209477       3.28889751    
  0.697609484       3.29078341    
  0.698009491       3.29266930    
  0.698409498       3.29455519    
  0.698809505       3.29644108    
  0.699209511       3.29832697    
  0.699609518       3.30021286    
  0.700009525       3.30209875    
  0.700409532       3.30398464    
  0.700809538       3.30587053    
  0.701209545       3.30775642    
  0.701609552       3.30964231    
  0.702009559       3.31152821    
  0.702409565       3.31341410    
  0.702809572       3.31529999    
  0.703209579       3.31718588    
  0.703609586       3.31907177    
  0.704009593       3.32095766    
  0.704409599       3.32284355    
  0.704809606       3.32472944    
  0.705209613       3.32661533    
  0.705609620       3.32850122    
  0.706009626       3.33038712    
  0.706409633       3.33227301    
  0.706809640       3.33415890    
  0.707209647       3.33604479    
  0.707609653       3.33793068    
  0.708009660       3.33981657    
  0.708409667       3.34170246    
  0.708809674       3.34358835    
  0.709209681       3.34547424    
  0.709609687       3.34736013    
  0.710009694       3.34924603    
  0.710409701       3.35113192    
  0.710809708       3.35301781    
  0.711209714       3.35490370    
  0.711609721       3.35678959    
  0.712009728       3.35867548    
  0.712409735       3.36056137    
  0.712809741       3.36244726    
