   0.00000000       4.71455717    
   3.99999990E-04   4.71455717    
   7.99999980E-04   4.71455717    
   1.19999994E-03   4.71455717    
   1.59999996E-03   4.71455717    
   1.99999986E-03   4.71455717    
   2.39999988E-03   4.71455717    
   2.79999990E-03   4.71455717    
   3.19999992E-03   4.71455717    
   3.59999994E-03   4.71455717    
   3.99999972E-03   4.71455717    
   4.39999951E-03   4.71455717    
   4.79999930E-03   4.71455717    
   5.19999908E-03   4.71455717    
   5.59999887E-03   4.71455717    
   5.99999866E-03   4.71455717    
   6.39999844E-03   4.71455717    
   6.79999823E-03   4.71455717    
   7.19999801E-03   4.71455717    
   7.59999780E-03   4.71455717    
   7.99999759E-03   4.71455717    
   8.39999784E-03   4.71455717    
   8.79999809E-03   4.71455717    
   9.19999834E-03   4.71455717    
   9.59999859E-03   4.71455717    
   9.99999885E-03   4.71455717    
   1.03999991E-02   4.71455717    
   1.07999993E-02   4.71455717    
   1.11999996E-02   4.71455717    
   1.15999999E-02   4.71455717    
   1.20000001E-02   4.71455717    
   1.24000004E-02   4.71455717    
   1.28000006E-02   4.71455717    
   1.32000009E-02   4.71455717    
   1.36000011E-02   4.71455717    
   1.40000014E-02   4.71455717    
   1.44000016E-02   4.71455717    
   1.48000019E-02   4.71455717    
   1.52000021E-02   4.71455717    
   1.56000024E-02   4.71455717    
   1.60000026E-02   4.71455717    
   1.64000019E-02   4.71455717    
   1.68000013E-02   4.71455717    
   1.72000006E-02   4.71455717    
   1.75999999E-02   4.71455717    
   1.79999992E-02   4.71455717    
   1.83999985E-02   4.71455717    
   1.87999979E-02   4.71455717    
   1.91999972E-02   4.71455717    
   1.95999965E-02   4.71455717    
   1.99999958E-02   4.71455717    
   2.03999951E-02   4.71455717    
   2.07999945E-02   4.71455717    
   2.11999938E-02   4.71455717    
   2.15999931E-02   4.71455717    
   2.19999924E-02   4.71455717    
   2.23999918E-02   4.71455717    
   2.27999911E-02   4.71455717    
   2.31999904E-02   4.71455717    
   2.35999897E-02   4.71455717    
   2.39999890E-02   4.71455717    
   2.43999884E-02   4.71455717    
   2.47999877E-02   4.71455717    
   2.51999870E-02   4.71455717    
   2.55999863E-02   4.71455717    
   2.59999856E-02   4.71455717    
   2.63999850E-02   4.71455717    
   2.67999843E-02   4.71455717    
   2.71999836E-02   4.71455717    
   2.75999829E-02   4.71455717    
   2.79999822E-02   4.71455717    
   2.83999816E-02   4.71455717    
   2.87999809E-02   4.71455717    
   2.91999802E-02   4.71455717    
   2.95999795E-02   4.71455717    
   2.99999788E-02   4.71455717    
   3.03999782E-02   4.71455717    
   3.07999775E-02   4.71455717    
   3.11999768E-02   4.71455717    
   3.15999761E-02   4.71455717    
   3.19999754E-02   4.71455717    
   3.23999748E-02   4.71455717    
   3.27999741E-02   4.71455717    
   3.31999734E-02   4.71455717    
   3.35999727E-02   4.71455717    
   3.39999720E-02   4.71455717    
   3.43999714E-02   4.71455717    
   3.47999707E-02   4.71455717    
   3.51999700E-02   4.71455717    
   3.55999693E-02   4.71455717    
   3.59999686E-02   4.71455717    
   3.63999680E-02   4.71455717    
   3.67999673E-02   4.71455717    
   3.71999666E-02   4.71455717    
   3.75999659E-02   4.71455717    
   3.79999653E-02   4.71455717    
   3.83999646E-02   4.71455717    
   3.87999639E-02   4.71455717    
   3.91999632E-02   4.71455717    
   3.95999625E-02   4.71455717    
   3.99999619E-02   4.71455717    
   4.03999612E-02   4.71455717    
   4.07999605E-02   4.71455717    
   4.11999598E-02   4.71455717    
   4.15999591E-02   4.71455717    
   4.19999585E-02   4.71455717    
   4.23999578E-02   4.71455717    
   4.27999571E-02   4.71455717    
   4.31999564E-02   4.71455717    
   4.35999557E-02   4.71455717    
   4.39999551E-02   4.71455717    
   4.43999544E-02   4.71455717    
   4.47999537E-02   4.71455717    
   4.51999530E-02   4.71455717    
   4.55999523E-02   4.71455717    
   4.59999517E-02   4.71455717    
   4.63999510E-02   4.71455717    
   4.67999503E-02   4.71455717    
   4.71999496E-02   4.71455717    
   4.75999489E-02   4.71455717    
   4.79999483E-02   4.71455717    
   4.83999476E-02   4.71455717    
   4.87999469E-02   4.71455717    
   4.91999462E-02   4.71455717    
   4.95999455E-02   4.71455717    
   4.99999449E-02   4.71455717    
   5.03999442E-02   4.71455717    
   5.07999435E-02   4.71455717    
   5.11999428E-02   4.71455717    
   5.15999421E-02   4.71455717    
   5.19999415E-02   4.71455717    
   5.23999408E-02   4.71455717    
   5.27999401E-02   4.71455717    
   5.31999394E-02   4.71455717    
   5.35999388E-02   4.71455717    
   5.39999381E-02   4.71455717    
   5.43999374E-02   4.71455717    
   5.47999367E-02   4.71455717    
   5.51999360E-02   4.71455717    
   5.55999354E-02   4.71455717    
   5.59999347E-02   4.71455717    
   5.63999340E-02   4.71455717    
   5.67999333E-02   4.71455717    
   5.71999326E-02   4.71455717    
   5.75999320E-02   4.71455717    
   5.79999313E-02   4.71455717    
   5.83999306E-02   4.71455717    
   5.87999299E-02   4.71455717    
   5.91999292E-02   4.71455717    
   5.95999286E-02   4.71455717    
   5.99999279E-02   4.71455717    
   6.03999272E-02   4.71455717    
   6.07999265E-02   4.71455717    
   6.11999258E-02   4.71455717    
   6.15999252E-02   4.71455717    
   6.19999245E-02   4.71455717    
   6.23999238E-02   4.71455717    
   6.27999231E-02   4.71455717    
   6.31999224E-02   4.71455717    
   6.35999218E-02   4.71455717    
   6.39999211E-02   4.71455717    
   6.43999204E-02   4.71455717    
   6.47999197E-02   4.71455717    
   6.51999190E-02   4.71455717    
   6.55999184E-02   4.71455717    
   6.59999177E-02   4.71455717    
   6.63999170E-02   4.71455717    
   6.67999163E-02   4.71455717    
   6.71999156E-02   4.71455717    
   6.75999150E-02   4.71455717    
   6.79999143E-02   4.71455717    
   6.83999136E-02   4.71455717    
   6.87999129E-02   4.71455717    
   6.91999123E-02   4.71455717    
   6.95999116E-02   4.71455717    
   6.99999109E-02   4.71455717    
   7.03999102E-02   4.71455717    
   7.07999095E-02   4.71455717    
   7.11999089E-02   4.71455717    
   7.15999082E-02   4.71455717    
   7.19999075E-02   4.71455717    
   7.23999068E-02   4.71455717    
   7.27999061E-02   4.71455717    
   7.31999055E-02   4.71455717    
   7.35999048E-02   4.71455717    
   7.39999041E-02   4.71455717    
   7.43999034E-02   4.71455717    
   7.47999027E-02   4.71455717    
   7.51999021E-02   4.71455717    
   7.55999014E-02   4.71455717    
   7.59999007E-02   4.71455717    
   7.63999000E-02   4.71455717    
   7.67998993E-02   4.71455717    
   7.71998987E-02   4.71455717    
   7.75998980E-02   4.71455717    
   7.79998973E-02   4.71455717    
   7.83998966E-02   4.71455717    
   7.87998959E-02   4.71455717    
   7.91998953E-02   4.71455717    
   7.95998946E-02   4.71455717    
   7.99998939E-02   4.71455717    
   8.03998932E-02   4.71455717    
   8.07998925E-02   4.71455717    
   8.11998919E-02   4.71455717    
   8.15998912E-02   4.71455717    
   8.19998905E-02   4.71455717    
   8.23998898E-02   4.71455717    
   8.27998891E-02   4.71455717    
   8.31998885E-02   4.71455717    
   8.35998878E-02   4.71455717    
   8.39998871E-02   4.71455717    
   8.43998864E-02   4.71455717    
   8.47998857E-02   4.71455717    
   8.51998851E-02   4.71455717    
   8.55998844E-02   4.71455717    
   8.59998837E-02   4.71455717    
   8.63998830E-02   4.71455717    
   8.67998824E-02   4.71455717    
   8.71998817E-02   4.71455717    
   8.75998810E-02   4.71455717    
   8.79998803E-02   4.71455717    
   8.83998796E-02   4.71455717    
   8.87998790E-02   4.71455717    
   8.91998783E-02   4.71455717    
   8.95998776E-02   4.71455717    
   8.99998769E-02   4.71455717    
   9.03998762E-02   4.71455717    
   9.07998756E-02   4.71455717    
   9.11998749E-02   4.71455717    
   9.15998742E-02   4.71455717    
   9.19998735E-02   4.71455717    
   9.23998728E-02   4.71455717    
   9.27998722E-02   4.71455717    
   9.31998715E-02   4.71455717    
   9.35998708E-02   4.71455717    
   9.39998701E-02   4.71455717    
   9.43998694E-02   4.71455717    
   9.47998688E-02   4.71455717    
   9.51998681E-02   4.71455717    
   9.55998674E-02   4.71455717    
   9.59998667E-02   4.71455717    
   9.63998660E-02   4.71455717    
   9.67998654E-02   4.71455717    
   9.71998647E-02   4.71455717    
   9.75998640E-02   4.71455717    
   9.79998633E-02   4.71455717    
   9.83998626E-02   4.71455717    
   9.87998620E-02   4.71455717    
   9.91998613E-02   4.71455717    
   9.95998606E-02   4.71455717    
   9.99998599E-02   4.71455717    
  0.100399859       4.71455717    
  0.100799859       4.71455717    
  0.101199858       4.71455717    
  0.101599857       4.71455717    
  0.101999857       4.71455717    
  0.102399856       4.71455717    
  0.102799855       4.71455717    
  0.103199854       4.71455717    
  0.103599854       4.71455717    
  0.103999853       4.71455717    
  0.104399852       4.71455717    
  0.104799852       4.71455717    
  0.105199851       4.71455717    
  0.105599850       4.71455717    
  0.105999850       4.71455717    
  0.106399849       4.71455717    
  0.106799848       4.71455717    
  0.107199848       4.71455717    
  0.107599847       4.71455717    
  0.107999846       4.71455717    
  0.108399846       4.71455717    
  0.108799845       4.71455717    
  0.109199844       4.71455717    
  0.109599844       4.71455717    
  0.109999843       4.71455717    
  0.110399842       4.71455717    
  0.110799842       4.71455717    
  0.111199841       4.71455717    
  0.111599840       4.71455717    
  0.111999840       4.71455717    
  0.112399839       4.71455717    
  0.112799838       4.71455717    
  0.113199838       4.71455717    
  0.113599837       4.71455717    
  0.113999836       4.71455717    
  0.114399835       4.71455717    
  0.114799835       4.71455717    
  0.115199834       4.71455717    
  0.115599833       4.71455717    
  0.115999833       4.71455717    
  0.116399832       4.71455717    
  0.116799831       4.71455717    
  0.117199831       4.71455717    
  0.117599830       4.71455717    
  0.117999829       4.71455717    
  0.118399829       4.71455717    
  0.118799828       4.71455717    
  0.119199827       4.71455717    
  0.119599827       4.71455717    
  0.119999826       4.71455717    
  0.120399825       4.71455717    
  0.120799825       4.71455717    
  0.121199824       4.71455717    
  0.121599823       4.71455717    
  0.121999823       4.71455717    
  0.122399822       4.71455717    
  0.122799821       4.71455717    
  0.123199821       4.71455717    
  0.123599820       4.71455717    
  0.123999819       4.71455717    
  0.124399818       4.71455717    
  0.124799818       4.71455717    
  0.125199825       4.71455717    
  0.125599831       4.71455717    
  0.125999838       4.71455717    
  0.126399845       4.71455717    
  0.126799852       4.71455717    
  0.127199858       4.71455717    
  0.127599865       4.71455717    
  0.127999872       4.71455717    
  0.128399879       4.71455717    
  0.128799886       4.71455717    
  0.129199892       4.71455717    
  0.129599899       4.71455717    
  0.129999906       4.71455717    
  0.130399913       4.71455717    
  0.130799919       4.71455717    
  0.131199926       4.71455717    
  0.131599933       4.71455717    
  0.131999940       4.71455717    
  0.132399946       4.71455717    
  0.132799953       4.71455717    
  0.133199960       4.71455717    
  0.133599967       4.71455717    
  0.133999974       4.71455717    
  0.134399980       4.71455717    
  0.134799987       4.71455717    
  0.135199994       4.71455717    
  0.135600001       4.71455717    
  0.136000007       4.71455717    
  0.136400014       4.71455717    
  0.136800021       4.71455717    
  0.137200028       4.71455717    
  0.137600034       4.71455717    
  0.138000041       4.71455717    
  0.138400048       4.71455717    
  0.138800055       4.71455717    
  0.139200062       4.71455717    
  0.139600068       4.71455717    
  0.140000075       4.71455717    
  0.140400082       4.71455717    
  0.140800089       4.71455717    
  0.141200095       4.71455717    
  0.141600102       4.71455717    
  0.142000109       4.71455717    
  0.142400116       4.71455717    
  0.142800122       4.71455717    
  0.143200129       4.71455717    
  0.143600136       4.71455717    
  0.144000143       4.71455717    
  0.144400150       4.71455717    
  0.144800156       4.71455717    
  0.145200163       4.71455717    
  0.145600170       4.71455717    
  0.146000177       4.71455717    
  0.146400183       4.71455717    
  0.146800190       4.71455717    
  0.147200197       4.71455717    
  0.147600204       4.71455717    
  0.148000211       4.71455717    
  0.148400217       4.71455717    
  0.148800224       4.71455717    
  0.149200231       4.71455717    
  0.149600238       4.71455717    
  0.150000244       4.71455717    
  0.150400251       4.71455717    
  0.150800258       4.71455717    
  0.151200265       4.71455717    
  0.151600271       4.71455717    
  0.152000278       4.71455717    
  0.152400285       4.71455717    
  0.152800292       4.71455717    
  0.153200299       4.71455717    
  0.153600305       4.71455717    
  0.154000312       4.71455717    
  0.154400319       4.71455717    
  0.154800326       4.71455717    
  0.155200332       4.71455717    
  0.155600339       4.71455717    
  0.156000346       4.71455717    
  0.156400353       4.71455717    
  0.156800359       4.71455717    
  0.157200366       4.71455717    
  0.157600373       4.71455717    
  0.158000380       4.71455717    
  0.158400387       4.71455717    
  0.158800393       4.71455717    
  0.159200400       4.71455717    
  0.159600407       4.71455717    
  0.160000414       4.71455717    
  0.160400420       4.71455717    
  0.160800427       4.71455717    
  0.161200434       4.71455717    
  0.161600441       4.71455717    
  0.162000448       4.71455717    
  0.162400454       4.71455717    
  0.162800461       4.71455717    
  0.163200468       4.71455717    
  0.163600475       4.71455717    
  0.164000481       4.71455717    
  0.164400488       4.71455717    
  0.164800495       4.71455717    
  0.165200502       4.71455717    
  0.165600508       4.71455717    
  0.166000515       4.71455717    
  0.166400522       4.71455717    
  0.166800529       4.71455717    
  0.167200536       4.71455717    
  0.167600542       4.71455717    
  0.168000549       4.71455717    
  0.168400556       4.71455717    
  0.168800563       4.71455717    
  0.169200569       4.71455717    
  0.169600576       4.71455717    
  0.170000583       4.71455717    
  0.170400590       4.71455717    
  0.170800596       4.71455717    
  0.171200603       4.71455717    
  0.171600610       4.71455717    
  0.172000617       4.71455717    
  0.172400624       4.71455717    
  0.172800630       4.71455717    
  0.173200637       4.71455717    
  0.173600644       4.71455717    
  0.174000651       4.71455717    
  0.174400657       4.71455717    
  0.174800664       4.71455717    
  0.175200671       4.71455717    
  0.175600678       4.71455717    
  0.176000684       4.71455717    
  0.176400691       4.71455717    
  0.176800698       4.71455717    
  0.177200705       4.71455717    
  0.177600712       4.71455717    
  0.178000718       4.71455717    
  0.178400725       4.71455717    
  0.178800732       4.71455717    
  0.179200739       4.71455717    
  0.179600745       4.71455717    
  0.180000752       4.71455717    
  0.180400759       4.71455717    
  0.180800766       4.71455717    
  0.181200773       4.71455717    
  0.181600779       4.71455717    
  0.182000786       4.71455717    
  0.182400793       4.71455717    
  0.182800800       4.71455717    
  0.183200806       4.71455717    
  0.183600813       4.71455717    
  0.184000820       4.71455717    
  0.184400827       4.71455717    
  0.184800833       4.71455717    
  0.185200840       4.71455717    
  0.185600847       4.71455717    
  0.186000854       4.71455717    
  0.186400861       4.71455717    
  0.186800867       4.71455717    
  0.187200874       4.71455717    
  0.187600881       4.71455717    
  0.188000888       4.71455717    
  0.188400894       4.71455717    
  0.188800901       4.71455717    
  0.189200908       4.71455717    
  0.189600915       4.71455717    
  0.190000921       4.71455717    
  0.190400928       4.71455717    
  0.190800935       4.71455717    
  0.191200942       4.71455717    
  0.191600949       4.71455717    
  0.192000955       4.71455717    
  0.192400962       4.71455717    
  0.192800969       4.71455717    
  0.193200976       4.71455717    
  0.193600982       4.71455717    
  0.194000989       4.71455717    
  0.194400996       4.71455717    
  0.194801003       4.71455717    
  0.195201010       4.71455717    
  0.195601016       4.71455717    
  0.196001023       4.71455717    
  0.196401030       4.71455717    
  0.196801037       4.71455717    
  0.197201043       4.71455717    
  0.197601050       4.71455717    
  0.198001057       4.71455717    
  0.198401064       4.71455717    
  0.198801070       4.71455717    
  0.199201077       4.71455717    
  0.199601084       4.71455717    
  0.200001091       4.71455717    
  0.200401098       4.71455717    
  0.200801104       4.71455717    
  0.201201111       4.71455717    
  0.201601118       4.71455717    
  0.202001125       4.71455717    
  0.202401131       4.71455717    
  0.202801138       4.71455717    
  0.203201145       4.71455717    
  0.203601152       4.71455717    
  0.204001158       4.71455717    
  0.204401165       4.71455717    
  0.204801172       4.71455717    
  0.205201179       4.71455717    
  0.205601186       4.71455717    
  0.206001192       4.71455717    
  0.206401199       4.71455717    
  0.206801206       4.71455717    
  0.207201213       4.71455717    
  0.207601219       4.71455717    
  0.208001226       4.71455717    
  0.208401233       4.71455717    
  0.208801240       4.71455717    
  0.209201247       4.71455717    
  0.209601253       4.71455717    
  0.210001260       4.71455717    
  0.210401267       4.71455717    
  0.210801274       4.71455717    
  0.211201280       4.71455717    
  0.211601287       4.71455717    
  0.212001294       4.71455717    
  0.212401301       4.71455717    
  0.212801307       4.71455717    
  0.213201314       4.71455717    
  0.213601321       4.71455717    
  0.214001328       4.71455717    
  0.214401335       4.71455717    
  0.214801341       4.71455717    
  0.215201348       4.71455717    
  0.215601355       4.71455717    
  0.216001362       4.71455717    
  0.216401368       4.71455717    
  0.216801375       4.71455717    
  0.217201382       4.71455717    
  0.217601389       4.71455717    
  0.218001395       4.71455717    
  0.218401402       4.71455717    
  0.218801409       4.71455717    
  0.219201416       4.71455717    
  0.219601423       4.71455717    
  0.220001429       4.71455717    
  0.220401436       4.71455717    
  0.220801443       4.71455717    
  0.221201450       4.71455717    
  0.221601456       4.71455717    
  0.222001463       4.71455717    
  0.222401470       4.71455717    
  0.222801477       4.71455717    
  0.223201483       4.71455717    
  0.223601490       4.71455717    
  0.224001497       4.71455717    
  0.224401504       4.71455717    
  0.224801511       4.71455717    
  0.225201517       4.71455717    
  0.225601524       4.71455717    
  0.226001531       4.71455717    
  0.226401538       4.71455717    
  0.226801544       4.71455717    
  0.227201551       4.71455717    
  0.227601558       4.71455717    
  0.228001565       4.71455717    
  0.228401572       4.71455717    
  0.228801578       4.71455717    
  0.229201585       4.71455717    
  0.229601592       4.71455717    
  0.230001599       4.71455717    
  0.230401605       4.71455717    
  0.230801612       4.71455717    
  0.231201619       4.71455717    
  0.231601626       4.71455717    
  0.232001632       4.71455717    
  0.232401639       4.71455717    
  0.232801646       4.71455717    
  0.233201653       4.71455717    
  0.233601660       4.71455717    
  0.234001666       4.71455717    
  0.234401673       4.71455717    
  0.234801680       4.71455717    
  0.235201687       4.71455717    
  0.235601693       4.71455717    
  0.236001700       4.71455717    
  0.236401707       4.71455717    
  0.236801714       4.71455717    
  0.237201720       4.71455717    
  0.237601727       4.71455717    
  0.238001734       4.71455717    
  0.238401741       4.71455717    
  0.238801748       4.71455717    
  0.239201754       4.71455717    
  0.239601761       4.71455717    
  0.240001768       4.71455717    
  0.240401775       4.71455717    
  0.240801781       4.71455717    
  0.241201788       4.71455717    
  0.241601795       4.71455717    
  0.242001802       4.71455717    
  0.242401809       4.71455717    
  0.242801815       4.71455717    
  0.243201822       4.71455717    
  0.243601829       4.71455717    
  0.244001836       4.71455717    
  0.244401842       4.71455717    
  0.244801849       4.71455717    
  0.245201856       4.71455717    
  0.245601863       4.71455717    
  0.246001869       4.71455717    
  0.246401876       4.71455717    
  0.246801883       4.71455717    
  0.247201890       4.71455717    
  0.247601897       4.71455717    
  0.248001903       4.71455717    
  0.248401910       4.71455717    
  0.248801917       4.71455717    
  0.249201924       4.71455717    
  0.249601930       4.71455717    
  0.250001937       4.71455717    
  0.250401944       4.71455717    
  0.250801951       4.71455717    
  0.251201957       4.71455717    
  0.251601964       4.71455717    
  0.252001971       4.71455717    
  0.252401978       4.71455717    
  0.252801985       4.71455717    
  0.253201991       4.71455717    
  0.253601998       4.71455717    
  0.254002005       4.71455717    
  0.254402012       4.71455717    
  0.254802018       4.71455717    
  0.255202025       4.71455717    
  0.255602032       4.71455717    
  0.256002039       4.71455717    
  0.256402045       4.71455717    
  0.256802052       4.71455717    
  0.257202059       4.71455717    
  0.257602066       4.71455717    
  0.258002073       4.71455717    
  0.258402079       4.71455717    
  0.258802086       4.71455717    
  0.259202093       4.71455717    
  0.259602100       4.71455717    
  0.260002106       4.71455717    
  0.260402113       4.71455717    
  0.260802120       4.71455717    
  0.261202127       4.71455717    
  0.261602134       4.71455717    
  0.262002140       4.71455717    
  0.262402147       4.71455717    
  0.262802154       4.71455717    
  0.263202161       4.71455717    
  0.263602167       4.71455717    
  0.264002174       4.71455717    
  0.264402181       4.71455717    
  0.264802188       4.71455717    
  0.265202194       4.71455717    
  0.265602201       4.71455717    
  0.266002208       4.71455717    
  0.266402215       4.71455717    
  0.266802222       4.71455717    
  0.267202228       4.71455717    
  0.267602235       4.71455717    
  0.268002242       4.71455717    
  0.268402249       4.71455717    
  0.268802255       4.71455717    
  0.269202262       4.71455717    
  0.269602269       4.71455717    
  0.270002276       4.71455717    
  0.270402282       4.71455717    
  0.270802289       4.71455717    
  0.271202296       4.71455717    
  0.271602303       4.71455717    
  0.272002310       4.71455717    
  0.272402316       4.71455717    
  0.272802323       4.71455717    
  0.273202330       4.71455717    
  0.273602337       4.71455717    
  0.274002343       4.71455717    
  0.274402350       4.71455717    
  0.274802357       4.71455717    
  0.275202364       4.71455717    
  0.275602371       4.71455717    
  0.276002377       4.71455717    
  0.276402384       4.71455717    
  0.276802391       4.71455717    
  0.277202398       4.71455717    
  0.277602404       4.71455717    
  0.278002411       4.71455717    
  0.278402418       4.71455717    
  0.278802425       4.71455717    
  0.279202431       4.71455717    
  0.279602438       4.71455717    
  0.280002445       4.71455717    
  0.280402452       4.71455717    
  0.280802459       4.71455717    
  0.281202465       4.71455717    
  0.281602472       4.71455717    
  0.282002479       4.71455717    
  0.282402486       4.71455717    
  0.282802492       4.71455717    
  0.283202499       4.71455717    
  0.283602506       4.71455717    
  0.284002513       4.71455717    
  0.284402519       4.71455717    
  0.284802526       4.71455717    
  0.285202533       4.71455717    
  0.285602540       4.71455717    
  0.286002547       4.71455717    
  0.286402553       4.71455717    
  0.286802560       4.71455717    
  0.287202567       4.71455717    
  0.287602574       4.71455717    
  0.288002580       4.71455717    
  0.288402587       4.71455717    
  0.288802594       4.71455717    
  0.289202601       4.71455717    
  0.289602607       4.71455717    
  0.290002614       4.71455717    
  0.290402621       4.71455717    
  0.290802628       4.71455717    
  0.291202635       4.71455717    
  0.291602641       4.71455717    
  0.292002648       4.71455717    
  0.292402655       4.71455717    
  0.292802662       4.71455717    
  0.293202668       4.71455717    
  0.293602675       4.71455717    
  0.294002682       4.71455717    
  0.294402689       4.71455717    
  0.294802696       4.71455717    
  0.295202702       4.71455717    
  0.295602709       4.71455717    
  0.296002716       4.71455717    
  0.296402723       4.71455717    
  0.296802729       4.71455717    
  0.297202736       4.71455717    
  0.297602743       4.71455717    
  0.298002750       4.71455717    
  0.298402756       4.71455717    
  0.298802763       4.71455717    
  0.299202770       4.71455717    
  0.299602777       4.71455717    
  0.300002784       4.71455717    
  0.300402790       4.71455717    
  0.300802797       4.71455717    
  0.301202804       4.71455717    
  0.301602811       4.71455717    
  0.302002817       4.71455717    
  0.302402824       4.71455717    
  0.302802831       4.71455717    
  0.303202838       4.71455717    
  0.303602844       4.71455717    
  0.304002851       4.71455717    
  0.304402858       4.71455717    
  0.304802865       4.71455717    
  0.305202872       4.71455717    
  0.305602878       4.71455717    
  0.306002885       4.71455717    
  0.306402892       4.71455717    
  0.306802899       4.71455717    
  0.307202905       4.71455717    
  0.307602912       4.71455717    
  0.308002919       4.71455717    
  0.308402926       4.71455717    
  0.308802933       4.71455717    
  0.309202939       4.71455717    
  0.309602946       4.71455717    
  0.310002953       4.71455717    
  0.310402960       4.71455717    
  0.310802966       4.71455717    
  0.311202973       4.71455717    
  0.311602980       4.71455717    
  0.312002987       4.71455717    
  0.312402993       4.71455717    
  0.312803000       4.71455717    
  0.313203007       4.71455717    
  0.313603014       4.71455717    
  0.314003021       4.71455717    
  0.314403027       4.71455717    
  0.314803034       4.71455717    
  0.315203041       4.71455717    
  0.315603048       4.71455717    
  0.316003054       4.71455717    
  0.316403061       4.71455717    
  0.316803068       4.71455717    
  0.317203075       4.71455717    
  0.317603081       4.71455717    
  0.318003088       4.71455717    
  0.318403095       4.71455717    
  0.318803102       4.71455717    
  0.319203109       4.71455717    
  0.319603115       4.71455717    
  0.320003122       4.71455717    
  0.320403129       4.71455717    
  0.320803136       4.71455717    
  0.321203142       4.71455717    
  0.321603149       4.71455717    
  0.322003156       4.71455717    
  0.322403163       4.71455717    
  0.322803169       4.71455717    
  0.323203176       4.71455717    
  0.323603183       4.71455717    
  0.324003190       4.71455717    
  0.324403197       4.71455717    
  0.324803203       4.71455717    
  0.325203210       4.71455717    
  0.325603217       4.71455717    
  0.326003224       4.71455717    
  0.326403230       4.71455717    
  0.326803237       4.71455717    
  0.327203244       4.71455717    
  0.327603251       4.71455717    
  0.328003258       4.71455717    
  0.328403264       4.71455717    
  0.328803271       4.71455717    
  0.329203278       4.71455717    
  0.329603285       4.71455717    
  0.330003291       4.71455717    
  0.330403298       4.71455717    
  0.330803305       4.71455717    
  0.331203312       4.71455717    
  0.331603318       4.71455717    
  0.332003325       4.71455717    
  0.332403332       4.71455717    
  0.332803339       4.71455717    
  0.333203346       4.71455717    
  0.333603352       4.71455717    
  0.334003359       4.71455717    
  0.334403366       4.71455717    
  0.334803373       4.71455717    
  0.335203379       4.71455717    
  0.335603386       4.71455717    
  0.336003393       4.71455717    
  0.336403400       4.71455717    
  0.336803406       4.71455717    
  0.337203413       4.71455717    
  0.337603420       4.71455717    
  0.338003427       4.71455717    
  0.338403434       4.71455717    
  0.338803440       4.71455717    
  0.339203447       4.71455717    
  0.339603454       4.71455717    
  0.340003461       4.71455717    
  0.340403467       4.71455717    
  0.340803474       4.71455717    
  0.341203481       4.71455717    
  0.341603488       4.71455717    
  0.342003495       4.71455717    
  0.342403501       4.71455717    
  0.342803508       4.71455717    
  0.343203515       4.71455717    
  0.343603522       4.71455717    
  0.344003528       4.71455717    
  0.344403535       4.71455717    
  0.344803542       4.71455717    
  0.345203549       4.71455717    
  0.345603555       4.71455717    
  0.346003562       4.71455717    
  0.346403569       4.71455717    
  0.346803576       4.71455717    
  0.347203583       4.71455717    
  0.347603589       4.71455717    
  0.348003596       4.71455717    
  0.348403603       4.71455717    
  0.348803610       4.71455717    
  0.349203616       4.71455717    
  0.349603623       4.71455717    
  0.350003630       4.71455717    
  0.350403637       4.71455717    
  0.350803643       4.71455717    
  0.351203650       4.71455717    
  0.351603657       4.71455717    
  0.352003664       4.71455717    
  0.352403671       4.71455717    
  0.352803677       4.71455717    
  0.353203684       4.71455717    
  0.353603691       4.71455717    
  0.354003698       4.71455717    
  0.354403704       4.71455717    
  0.354803711       4.71455717    
  0.355203718       4.71455717    
  0.355603725       4.71455717    
  0.356003731       4.71455717    
  0.356403738       4.71455717    
  0.356803745       4.71455717    
  0.357203752       4.71455717    
  0.357603759       4.71455717    
  0.358003765       4.71455717    
  0.358403772       4.71455717    
  0.358803779       4.71455717    
  0.359203786       4.71455717    
  0.359603792       4.71455717    
  0.360003799       4.71455717    
  0.360403806       4.71455717    
  0.360803813       4.71455717    
  0.361203820       4.71455717    
  0.361603826       4.71455717    
  0.362003833       4.71455717    
  0.362403840       4.71455717    
  0.362803847       4.71455717    
  0.363203853       4.71455717    
  0.363603860       4.71455717    
  0.364003867       4.71455717    
  0.364403874       4.71455717    
  0.364803880       4.71455717    
  0.365203887       4.71455717    
  0.365603894       4.71455717    
  0.366003901       4.71455717    
  0.366403908       4.71455717    
  0.366803914       4.71455717    
  0.367203921       4.71455717    
  0.367603928       4.71455717    
  0.368003935       4.71455717    
  0.368403941       4.71455717    
  0.368803948       4.71455717    
  0.369203955       4.71455717    
  0.369603962       4.71455717    
  0.370003968       4.71455717    
  0.370403975       4.71455717    
  0.370803982       4.71455717    
  0.371203989       4.71455717    
  0.371603996       4.71455717    
  0.372004002       4.71455717    
  0.372404009       4.71455717    
  0.372804016       4.71455717    
  0.373204023       4.71455717    
  0.373604029       4.71455717    
  0.374004036       4.71455717    
  0.374404043       4.71455717    
  0.374804050       4.71455717    
  0.375204057       4.71455717    
  0.375604063       4.71455717    
  0.376004070       4.71455717    
  0.376404077       4.71455717    
  0.376804084       4.71455717    
  0.377204090       4.71455717    
  0.377604097       4.71455717    
  0.378004104       4.71455717    
  0.378404111       4.71455717    
  0.378804117       4.71455717    
  0.379204124       4.71455717    
  0.379604131       4.71455717    
  0.380004138       4.71455717    
  0.380404145       4.71455717    
  0.380804151       4.71455717    
  0.381204158       4.71455717    
  0.381604165       4.71455717    
  0.382004172       4.71455717    
  0.382404178       4.71455717    
  0.382804185       4.71455717    
  0.383204192       4.71455717    
  0.383604199       4.71455717    
  0.384004205       4.71455717    
  0.384404212       4.71455717    
  0.384804219       4.71455717    
  0.385204226       4.71455717    
  0.385604233       4.71455717    
  0.386004239       4.71455717    
  0.386404246       4.71455717    
  0.386804253       4.71455717    
  0.387204260       4.71455717    
  0.387604266       4.71455717    
  0.388004273       4.71455717    
  0.388404280       4.71455717    
  0.388804287       4.71455717    
  0.389204293       4.71455717    
  0.389604300       4.71455717    
  0.390004307       4.71455717    
  0.390404314       4.71455717    
  0.390804321       4.71455717    
  0.391204327       4.71455717    
  0.391604334       4.71455717    
  0.392004341       4.71455717    
  0.392404348       4.71455717    
  0.392804354       4.71455717    
  0.393204361       4.71455717    
  0.393604368       4.71455717    
  0.394004375       4.71455717    
  0.394404382       4.71455717    
  0.394804388       4.71455717    
  0.395204395       4.71455717    
  0.395604402       4.71455717    
  0.396004409       4.71455717    
  0.396404415       4.71455717    
  0.396804422       4.71455717    
  0.397204429       4.71455717    
  0.397604436       4.71455717    
  0.398004442       4.71455717    
  0.398404449       4.71455717    
  0.398804456       4.71455717    
  0.399204463       4.71455717    
  0.399604470       4.71455717    
  0.400004476       4.71455717    
  0.400404483       4.71455717    
  0.400804490       4.71455717    
  0.401204497       4.71455717    
  0.401604503       4.71455717    
  0.402004510       4.71455717    
  0.402404517       4.71455717    
  0.402804524       4.71455717    
  0.403204530       4.71455717    
  0.403604537       4.71455717    
  0.404004544       4.71455717    
  0.404404551       4.71455717    
  0.404804558       4.71455717    
  0.405204564       4.71455717    
  0.405604571       4.71455717    
  0.406004578       4.71455717    
  0.406404585       4.71455717    
  0.406804591       4.71455717    
  0.407204598       4.71455717    
  0.407604605       4.71455717    
  0.408004612       4.71455717    
  0.408404619       4.71455717    
  0.408804625       4.71455717    
  0.409204632       4.71455717    
  0.409604639       4.71455717    
  0.410004646       4.71455717    
  0.410404652       4.71455717    
  0.410804659       4.71455717    
  0.411204666       4.71455717    
  0.411604673       4.71455717    
  0.412004679       4.71455717    
  0.412404686       4.71455717    
  0.412804693       4.71455717    
  0.413204700       4.71455717    
  0.413604707       4.71455717    
  0.414004713       4.71455717    
  0.414404720       4.71455717    
  0.414804727       4.71455717    
  0.415204734       4.71455717    
  0.415604740       4.71455717    
  0.416004747       4.71455717    
  0.416404754       4.71455717    
  0.416804761       4.71455717    
  0.417204767       4.71455717    
  0.417604774       4.71455717    
  0.418004781       4.71455717    
  0.418404788       4.71455717    
  0.418804795       4.71455717    
  0.419204801       4.71455717    
  0.419604808       4.71455717    
  0.420004815       4.71455717    
  0.420404822       4.71455717    
  0.420804828       4.71455717    
  0.421204835       4.71455717    
  0.421604842       4.71455717    
  0.422004849       4.71455717    
  0.422404855       4.71455717    
  0.422804862       4.71455717    
  0.423204869       4.71455717    
  0.423604876       4.71455717    
  0.424004883       4.71455717    
  0.424404889       4.71455717    
  0.424804896       4.71455717    
  0.425204903       4.71455717    
  0.425604910       4.71455717    
  0.426004916       4.71455717    
  0.426404923       4.71455717    
  0.426804930       4.71455717    
  0.427204937       4.71455717    
  0.427604944       4.71455717    
  0.428004950       4.71455717    
  0.428404957       4.71455717    
  0.428804964       4.71455717    
  0.429204971       4.71455717    
  0.429604977       4.71455717    
  0.430004984       4.71455717    
  0.430404991       4.71455717    
  0.430804998       4.71455717    
  0.431205004       4.71455717    
  0.431605011       4.71455717    
  0.432005018       4.71455717    
  0.432405025       4.71455717    
  0.432805032       4.71455717    
  0.433205038       4.71455717    
  0.433605045       4.71455717    
  0.434005052       4.71455717    
  0.434405059       4.71455717    
  0.434805065       4.71455717    
  0.435205072       4.71455717    
  0.435605079       4.71455717    
  0.436005086       4.71455717    
  0.436405092       4.71455717    
  0.436805099       4.71455717    
  0.437205106       4.71455717    
  0.437605113       4.71455717    
  0.438005120       4.71455717    
  0.438405126       4.71455717    
  0.438805133       4.71455717    
  0.439205140       4.71455717    
  0.439605147       4.71455717    
  0.440005153       4.71455717    
  0.440405160       4.71455717    
  0.440805167       4.71455717    
  0.441205174       4.71455717    
  0.441605181       4.71455717    
  0.442005187       4.71455717    
  0.442405194       4.71455717    
  0.442805201       4.71455717    
  0.443205208       4.71455717    
  0.443605214       4.71455717    
  0.444005221       4.71455717    
  0.444405228       4.71455717    
  0.444805235       4.71455717    
  0.445205241       4.71455717    
  0.445605248       4.71455717    
  0.446005255       4.71455717    
  0.446405262       4.71455717    
  0.446805269       4.71455717    
  0.447205275       4.71455717    
  0.447605282       4.71455717    
  0.448005289       4.71455717    
  0.448405296       4.71455717    
  0.448805302       4.71455717    
  0.449205309       4.71455717    
  0.449605316       4.71455717    
  0.450005323       4.71455717    
  0.450405329       4.71455717    
  0.450805336       4.71455717    
  0.451205343       4.71455717    
  0.451605350       4.71455717    
  0.452005357       4.71455717    
  0.452405363       4.71455717    
  0.452805370       4.71455717    
  0.453205377       4.71455717    
  0.453605384       4.71455717    
  0.454005390       4.71455717    
  0.454405397       4.71455717    
  0.454805404       4.71455717    
  0.455205411       4.71455717    
  0.455605417       4.71455717    
  0.456005424       4.71455717    
  0.456405431       4.71455717    
  0.456805438       4.71455717    
  0.457205445       4.71455717    
  0.457605451       4.71455717    
  0.458005458       4.71455717    
  0.458405465       4.71455717    
  0.458805472       4.71455717    
  0.459205478       4.71455717    
  0.459605485       4.71455717    
  0.460005492       4.71455717    
  0.460405499       4.71455717    
  0.460805506       4.71455717    
  0.461205512       4.71455717    
  0.461605519       4.71455717    
  0.462005526       4.71455717    
  0.462405533       4.71455717    
  0.462805539       4.71455717    
  0.463205546       4.71455717    
  0.463605553       4.71455717    
  0.464005560       4.71455717    
  0.464405566       4.71455717    
  0.464805573       4.71455717    
  0.465205580       4.71455717    
  0.465605587       4.71455717    
  0.466005594       4.71455717    
  0.466405600       4.71455717    
  0.466805607       4.71455717    
  0.467205614       4.71455717    
  0.467605621       4.71455717    
  0.468005627       4.71455717    
  0.468405634       4.71455717    
  0.468805641       4.71455717    
  0.469205648       4.71455717    
  0.469605654       4.71455717    
  0.470005661       4.71455717    
  0.470405668       4.71455717    
  0.470805675       4.71455717    
  0.471205682       4.71455717    
  0.471605688       4.71455717    
  0.472005695       4.71455717    
  0.472405702       4.71455717    
  0.472805709       4.71455717    
  0.473205715       4.71455717    
  0.473605722       4.71455717    
  0.474005729       4.71455717    
  0.474405736       4.71455717    
  0.474805743       4.71455717    
  0.475205749       4.71455717    
  0.475605756       4.71455717    
  0.476005763       4.71455717    
  0.476405770       4.71455717    
  0.476805776       4.71455717    
  0.477205783       4.71455717    
  0.477605790       4.71455717    
  0.478005797       4.71455717    
  0.478405803       4.71455717    
  0.478805810       4.71455717    
  0.479205817       4.71455717    
  0.479605824       4.71455717    
  0.480005831       4.71455717    
  0.480405837       4.71455717    
  0.480805844       4.71455717    
  0.481205851       4.71455717    
  0.481605858       4.71455717    
  0.482005864       4.71455717    
  0.482405871       4.71455717    
  0.482805878       4.71455717    
  0.483205885       4.71455717    
  0.483605891       4.71455717    
  0.484005898       4.71455717    
  0.484405905       4.71455717    
  0.484805912       4.71455717    
  0.485205919       4.71455717    
  0.485605925       4.71455717    
  0.486005932       4.71455717    
  0.486405939       4.71455717    
  0.486805946       4.71455717    
  0.487205952       4.71455717    
  0.487605959       4.71455717    
  0.488005966       4.71455717    
  0.488405973       4.71455717    
  0.488805979       4.71455717    
  0.489205986       4.71455717    
  0.489605993       4.71455717    
  0.490006000       4.71455717    
  0.490406007       4.71455717    
  0.490806013       4.71455717    
  0.491206020       4.71455717    
  0.491606027       4.71455717    
  0.492006034       4.71455717    
  0.492406040       4.71455717    
  0.492806047       4.71455717    
  0.493206054       4.71455717    
  0.493606061       4.71455717    
  0.494006068       4.71455717    
  0.494406074       4.71455717    
  0.494806081       4.71455717    
  0.495206088       4.71455717    
  0.495606095       4.71455717    
  0.496006101       4.71455717    
  0.496406108       4.71455717    
  0.496806115       4.71455717    
  0.497206122       4.71455717    
  0.497606128       4.71455717    
  0.498006135       4.71455717    
  0.498406142       4.71455717    
  0.498806149       4.71455717    
  0.499206156       4.71455717    
  0.499606162       4.71455717    
  0.500006139       4.71455717    
  0.500406146       4.71455717    
  0.500806153       4.71455717    
  0.501206160       4.71455717    
  0.501606166       4.71455717    
  0.502006173       4.71455717    
  0.502406180       4.71455717    
  0.502806187       4.71455717    
  0.503206193       4.71455717    
  0.503606200       4.71455717    
  0.504006207       4.71455717    
  0.504406214       4.71455717    
  0.504806221       4.71455717    
  0.505206227       4.71455717    
  0.505606234       4.71455717    
  0.506006241       4.71455717    
  0.506406248       4.71455717    
  0.506806254       4.71455717    
  0.507206261       4.71455717    
  0.507606268       4.71455717    
  0.508006275       4.71455717    
  0.508406281       4.71455717    
  0.508806288       4.71455717    
  0.509206295       4.71455717    
  0.509606302       4.71455717    
  0.510006309       4.71455717    
  0.510406315       4.71455717    
  0.510806322       4.71455717    
  0.511206329       4.71455717    
  0.511606336       4.71455717    
  0.512006342       4.71455717    
  0.512406349       4.71455717    
  0.512806356       4.71455717    
  0.513206363       4.71455717    
  0.513606369       4.71455717    
  0.514006376       4.71455717    
  0.514406383       4.71455717    
  0.514806390       4.71455717    
  0.515206397       4.71455717    
  0.515606403       4.71455717    
  0.516006410       4.71455717    
  0.516406417       4.71455717    
  0.516806424       4.71455717    
  0.517206430       4.71455717    
  0.517606437       4.71455717    
  0.518006444       4.71455717    
  0.518406451       4.71455717    
  0.518806458       4.71455717    
  0.519206464       4.71455717    
  0.519606471       4.71455717    
  0.520006478       4.71455717    
  0.520406485       4.71455717    
  0.520806491       4.71455717    
  0.521206498       4.71455717    
  0.521606505       4.71455717    
  0.522006512       4.71455717    
  0.522406518       4.71455717    
  0.522806525       4.71455717    
  0.523206532       4.71455717    
  0.523606539       4.71455717    
  0.524006546       4.71455717    
  0.524406552       4.71455717    
  0.524806559       4.71455717    
  0.525206566       4.71455717    
  0.525606573       4.71455717    
  0.526006579       4.71455717    
  0.526406586       4.71455717    
  0.526806593       4.71455717    
  0.527206600       4.71455717    
  0.527606606       4.71455717    
  0.528006613       4.71455717    
  0.528406620       4.71455717    
  0.528806627       4.71455717    
  0.529206634       4.71455717    
  0.529606640       4.71455717    
  0.530006647       4.71455717    
  0.530406654       4.71455717    
  0.530806661       4.71455717    
  0.531206667       4.71455717    
  0.531606674       4.71455717    
  0.532006681       4.71455717    
  0.532406688       4.71455717    
  0.532806695       4.71455717    
  0.533206701       4.71455717    
  0.533606708       4.71455717    
  0.534006715       4.71455717    
  0.534406722       4.71455717    
  0.534806728       4.71455717    
  0.535206735       4.71455717    
  0.535606742       4.71455717    
  0.536006749       4.71455717    
  0.536406755       4.71455717    
  0.536806762       4.71455717    
  0.537206769       4.71455717    
  0.537606776       4.71455717    
  0.538006783       4.71455717    
  0.538406789       4.71455717    
  0.538806796       4.71455717    
  0.539206803       4.71455717    
  0.539606810       4.71455717    
  0.540006816       4.71455717    
  0.540406823       4.71455717    
  0.540806830       4.71455717    
  0.541206837       4.71455717    
  0.541606843       4.71455717    
  0.542006850       4.71455717    
  0.542406857       4.71455717    
  0.542806864       4.71455717    
  0.543206871       4.71455717    
  0.543606877       4.71455717    
  0.544006884       4.71455717    
  0.544406891       4.71455717    
  0.544806898       4.71455717    
  0.545206904       4.71455717    
  0.545606911       4.71455717    
  0.546006918       4.71455717    
  0.546406925       4.71455717    
  0.546806931       4.71455717    
  0.547206938       4.71455717    
  0.547606945       4.71455717    
  0.548006952       4.71455717    
  0.548406959       4.71455717    
  0.548806965       4.71455717    
  0.549206972       4.71455717    
  0.549606979       4.71455717    
  0.550006986       4.71455717    
  0.550406992       4.71455717    
  0.550806999       4.71455717    
  0.551207006       4.71455717    
  0.551607013       4.71455717    
  0.552007020       4.71455717    
  0.552407026       4.71455717    
  0.552807033       4.71455717    
  0.553207040       4.71455717    
  0.553607047       4.71455717    
  0.554007053       4.71455717    
  0.554407060       4.71455717    
  0.554807067       4.71455717    
  0.555207074       4.71455717    
  0.555607080       4.71455717    
  0.556007087       4.71455717    
  0.556407094       4.71455717    
  0.556807101       4.71455717    
  0.557207108       4.71455717    
  0.557607114       4.71455717    
  0.558007121       4.71455717    
  0.558407128       4.71455717    
  0.558807135       4.71455717    
  0.559207141       4.71455717    
  0.559607148       4.71455717    
  0.560007155       4.71455717    
  0.560407162       4.71455717    
  0.560807168       4.71455717    
  0.561207175       4.71455717    
  0.561607182       4.71455717    
  0.562007189       4.71455717    
  0.562407196       4.71455717    
  0.562807202       4.71455717    
  0.563207209       4.71455717    
  0.563607216       4.71455717    
  0.564007223       4.71455717    
  0.564407229       4.71455717    
  0.564807236       4.71455717    
  0.565207243       4.71455717    
  0.565607250       4.71455717    
  0.566007257       4.71455717    
  0.566407263       4.71455717    
  0.566807270       4.71455717    
  0.567207277       4.71455717    
  0.567607284       4.71455717    
  0.568007290       4.71455717    
  0.568407297       4.71455717    
  0.568807304       4.71455717    
  0.569207311       4.71455717    
  0.569607317       4.71455717    
  0.570007324       4.71455717    
  0.570407331       4.71455717    
  0.570807338       4.71455717    
  0.571207345       4.71455717    
  0.571607351       4.71455717    
  0.572007358       4.71455717    
  0.572407365       4.71455717    
  0.572807372       4.71455717    
  0.573207378       4.71455717    
  0.573607385       4.71455717    
  0.574007392       4.71455717    
  0.574407399       4.71455717    
  0.574807405       4.71455717    
  0.575207412       4.71455717    
  0.575607419       4.71455717    
  0.576007426       4.71455717    
  0.576407433       4.71455717    
  0.576807439       4.71455717    
  0.577207446       4.71455717    
  0.577607453       4.71455717    
  0.578007460       4.71455717    
  0.578407466       4.71455717    
  0.578807473       4.71455717    
  0.579207480       4.71455717    
  0.579607487       4.71455717    
  0.580007493       4.71455717    
  0.580407500       4.71455717    
  0.580807507       4.71455717    
  0.581207514       4.71455717    
  0.581607521       4.71455717    
  0.582007527       4.71455717    
  0.582407534       4.71455717    
  0.582807541       4.71455717    
  0.583207548       4.71455717    
  0.583607554       4.71455717    
  0.584007561       4.71455717    
  0.584407568       4.71455717    
  0.584807575       4.71455717    
  0.585207582       4.71455717    
  0.585607588       4.71455717    
  0.586007595       4.71455717    
  0.586407602       4.71455717    
  0.586807609       4.71455717    
  0.587207615       4.71455717    
  0.587607622       4.71455717    
  0.588007629       4.71455717    
  0.588407636       4.71455717    
  0.588807642       4.71455717    
  0.589207649       4.71455717    
  0.589607656       4.71455717    
  0.590007663       4.71455717    
  0.590407670       4.71455717    
  0.590807676       4.71455717    
  0.591207683       4.71455717    
  0.591607690       4.71455717    
  0.592007697       4.71455717    
  0.592407703       4.71455717    
  0.592807710       4.71455717    
  0.593207717       4.71455717    
  0.593607724       4.71455717    
  0.594007730       4.71455717    
  0.594407737       4.71455717    
  0.594807744       4.71455717    
  0.595207751       4.71455717    
  0.595607758       4.71455717    
  0.596007764       4.71455717    
  0.596407771       4.71455717    
  0.596807778       4.71455717    
  0.597207785       4.71455717    
  0.597607791       4.71455717    
  0.598007798       4.71455717    
  0.598407805       4.71455717    
  0.598807812       4.71455717    
  0.599207819       4.71455717    
  0.599607825       4.71455717    
  0.600007832       4.71455717    
  0.600407839       4.71455717    
  0.600807846       4.71455717    
  0.601207852       4.71455717    
  0.601607859       4.71455717    
  0.602007866       4.71455717    
  0.602407873       4.71455717    
  0.602807879       4.71455717    
  0.603207886       4.71455717    
  0.603607893       4.71455717    
  0.604007900       4.71455717    
  0.604407907       4.71455717    
  0.604807913       4.71455717    
  0.605207920       4.71455717    
  0.605607927       4.71455717    
  0.606007934       4.71455717    
  0.606407940       4.71455717    
  0.606807947       4.71455717    
  0.607207954       4.71455717    
  0.607607961       4.71455717    
  0.608007967       4.71455717    
  0.608407974       4.71455717    
  0.608807981       4.71455717    
  0.609207988       4.71455717    
  0.609607995       4.71455717    
  0.610008001       4.71455717    
  0.610408008       4.71455717    
  0.610808015       4.71455717    
  0.611208022       4.71455717    
  0.611608028       4.71455717    
  0.612008035       4.71455717    
  0.612408042       4.71455717    
  0.612808049       4.71455717    
  0.613208055       4.71455717    
  0.613608062       4.71455717    
  0.614008069       4.71455717    
  0.614408076       4.71455717    
  0.614808083       4.71455717    
  0.615208089       4.71455717    
  0.615608096       4.71455717    
  0.616008103       4.71455717    
  0.616408110       4.71455717    
  0.616808116       4.71455717    
  0.617208123       4.71455717    
  0.617608130       4.71455717    
  0.618008137       4.71455717    
  0.618408144       4.71455717    
  0.618808150       4.71455717    
  0.619208157       4.71455717    
  0.619608164       4.71455717    
  0.620008171       4.71455717    
  0.620408177       4.71455717    
  0.620808184       4.71455717    
  0.621208191       4.71455717    
  0.621608198       4.71455717    
  0.622008204       4.71455717    
  0.622408211       4.71455717    
  0.622808218       4.71455717    
  0.623208225       4.71455717    
  0.623608232       4.71455717    
  0.624008238       4.71455717    
  0.624408245       4.71455717    
  0.624808252       4.71455717    
  0.625208259       4.71455717    
  0.625608265       4.71455717    
  0.626008272       4.71455717    
  0.626408279       4.71455717    
  0.626808286       4.71455717    
  0.627208292       4.71455717    
  0.627608299       4.71455717    
  0.628008306       4.71455717    
  0.628408313       4.71455717    
  0.628808320       4.71455717    
  0.629208326       4.71455717    
  0.629608333       4.71455717    
  0.630008340       4.71455717    
  0.630408347       4.71455717    
  0.630808353       4.71455717    
  0.631208360       4.71455717    
  0.631608367       4.71455717    
  0.632008374       4.71455717    
  0.632408381       4.71455717    
  0.632808387       4.71455717    
  0.633208394       4.71455717    
  0.633608401       4.71455717    
  0.634008408       4.71455717    
  0.634408414       4.71455717    
  0.634808421       4.71455717    
  0.635208428       4.71455717    
  0.635608435       4.71455717    
  0.636008441       4.71455717    
  0.636408448       4.71455717    
  0.636808455       4.71455717    
  0.637208462       4.71455717    
  0.637608469       4.71455717    
  0.638008475       4.71455717    
  0.638408482       4.71455717    
  0.638808489       4.71455717    
  0.639208496       4.71455717    
  0.639608502       4.71455717    
  0.640008509       4.71455717    
  0.640408516       4.71455717    
  0.640808523       4.71455717    
  0.641208529       4.71455717    
  0.641608536       4.71455717    
  0.642008543       4.71455717    
  0.642408550       4.71455717    
  0.642808557       4.71455717    
  0.643208563       4.71455717    
  0.643608570       4.71455717    
  0.644008577       4.71455717    
  0.644408584       4.71455717    
  0.644808590       4.71455717    
  0.645208597       4.71455717    
  0.645608604       4.71455717    
  0.646008611       4.71455717    
  0.646408617       4.71455717    
  0.646808624       4.71455717    
  0.647208631       4.71455717    
  0.647608638       4.71455717    
  0.648008645       4.71455717    
  0.648408651       4.71455717    
  0.648808658       4.71455717    
  0.649208665       4.71455717    
  0.649608672       4.71455717    
  0.650008678       4.71455717    
  0.650408685       4.71455717    
  0.650808692       4.71455717    
  0.651208699       4.71455717    
  0.651608706       4.71455717    
  0.652008712       4.71455717    
  0.652408719       4.71455717    
  0.652808726       4.71455717    
  0.653208733       4.71455717    
  0.653608739       4.71455717    
  0.654008746       4.71455717    
  0.654408753       4.71455717    
  0.654808760       4.71455717    
  0.655208766       4.71455717    
  0.655608773       4.71455717    
  0.656008780       4.71455717    
  0.656408787       4.71455717    
  0.656808794       4.71455717    
  0.657208800       4.71455717    
  0.657608807       4.71455717    
  0.658008814       4.71455717    
  0.658408821       4.71455717    
  0.658808827       4.71455717    
  0.659208834       4.71455717    
  0.659608841       4.71455717    
  0.660008848       4.71455717    
  0.660408854       4.71455717    
  0.660808861       4.71455717    
  0.661208868       4.71455717    
  0.661608875       4.71455717    
  0.662008882       4.71455717    
  0.662408888       4.71455717    
  0.662808895       4.71455717    
  0.663208902       4.71455717    
  0.663608909       4.71455717    
  0.664008915       4.71455717    
  0.664408922       4.71455717    
  0.664808929       4.71455717    
  0.665208936       4.71455717    
  0.665608943       4.71455717    
  0.666008949       4.71455717    
  0.666408956       4.71455717    
  0.666808963       4.71455717    
  0.667208970       4.71455717    
  0.667608976       4.71455717    
  0.668008983       4.71455717    
  0.668408990       4.71455717    
  0.668808997       4.71455717    
  0.669209003       4.71455717    
  0.669609010       4.71455717    
  0.670009017       4.71455717    
  0.670409024       4.71455717    
  0.670809031       4.71455717    
  0.671209037       4.71455717    
  0.671609044       4.71455717    
  0.672009051       4.71455717    
  0.672409058       4.71455717    
  0.672809064       4.71455717    
  0.673209071       4.71455717    
  0.673609078       4.71455717    
  0.674009085       4.71455717    
  0.674409091       4.71455717    
  0.674809098       4.71455717    
  0.675209105       4.71455717    
  0.675609112       4.71455717    
  0.676009119       4.71455717    
  0.676409125       4.71455717    
  0.676809132       4.71455717    
  0.677209139       4.71455717    
  0.677609146       4.71455717    
  0.678009152       4.71455717    
  0.678409159       4.71455717    
  0.678809166       4.71455717    
  0.679209173       4.71455717    
  0.679609179       4.71455717    
  0.680009186       4.71455717    
  0.680409193       4.71455717    
  0.680809200       4.71455717    
  0.681209207       4.71455717    
  0.681609213       4.71455717    
  0.682009220       4.71455717    
  0.682409227       4.71455717    
  0.682809234       4.71455717    
  0.683209240       4.71455717    
  0.683609247       4.71455717    
  0.684009254       4.71455717    
  0.684409261       4.71455717    
  0.684809268       4.71455717    
  0.685209274       4.71455717    
  0.685609281       4.71455717    
  0.686009288       4.71455717    
  0.686409295       4.71455717    
  0.686809301       4.71455717    
  0.687209308       4.71455717    
  0.687609315       4.71455717    
  0.688009322       4.71455717    
  0.688409328       4.71455717    
  0.688809335       4.71455717    
  0.689209342       4.71455717    
  0.689609349       4.71455717    
  0.690009356       4.71455717    
  0.690409362       4.71455717    
  0.690809369       4.71455717    
  0.691209376       4.71455717    
  0.691609383       4.71455717    
  0.692009389       4.71455717    
  0.692409396       4.71455717    
  0.692809403       4.71455717    
  0.693209410       4.71455717    
  0.693609416       4.71455717    
  0.694009423       4.71455717    
  0.694409430       4.71455717    
  0.694809437       4.71455717    
  0.695209444       4.71455717    
  0.695609450       4.71455717    
  0.696009457       4.71455717    
  0.696409464       4.71455717    
  0.696809471       4.71455717    
  0.697209477       4.71455717    
  0.697609484       4.71455717    
  0.698009491       4.71455717    
  0.698409498       4.71455717    
  0.698809505       4.71455717    
  0.699209511       4.71455717    
  0.699609518       4.71455717    
  0.700009525       4.71455717    
  0.700409532       4.71455717    
  0.700809538       4.71455717    
  0.701209545       4.71455717    
  0.701609552       4.71455717    
  0.702009559       4.71455717    
  0.702409565       4.71455717    
  0.702809572       4.71455717    
  0.703209579       4.71455717    
  0.703609586       4.71455717    
  0.704009593       4.71455717    
  0.704409599       4.71455717    
  0.704809606       4.71455717    
  0.705209613       4.71455717    
  0.705609620       4.71455717    
  0.706009626       4.71455717    
  0.706409633       4.71455717    
  0.706809640       4.71455717    
  0.707209647       4.71455717    
  0.707609653       4.71455717    
  0.708009660       4.71455717    
  0.708409667       4.71455717    
  0.708809674       4.71455717    
  0.709209681       4.71455717    
  0.709609687       4.71455717    
  0.710009694       4.71455717    
  0.710409701       4.71455717    
  0.710809708       4.71455717    
  0.711209714       4.71455717    
  0.711609721       4.71455717    
  0.712009728       4.71455717    
  0.712409735       4.71455717    
  0.712809741       4.71455717    
