   0.00000000      -9.80000019    
   3.99999990E-04  -9.80000019    
   7.99999980E-04  -9.80000019    
   1.19999994E-03  -9.80000019    
   1.59999996E-03  -9.80000019    
   1.99999986E-03  -9.80000019    
   2.39999988E-03  -9.80000019    
   2.79999990E-03  -9.80000019    
   3.19999992E-03  -9.80000019    
   3.59999994E-03  -9.80000019    
   3.99999972E-03  -9.80000019    
   4.39999951E-03  -9.80000019    
   4.79999930E-03  -9.80000019    
   5.19999908E-03  -9.80000019    
   5.59999887E-03  -9.80000019    
   5.99999866E-03  -9.80000019    
   6.39999844E-03  -9.80000019    
   6.79999823E-03  -9.80000019    
   7.19999801E-03  -9.80000019    
   7.59999780E-03  -9.80000019    
   7.99999759E-03  -9.80000019    
   8.39999784E-03  -9.80000019    
   8.79999809E-03  -9.80000019    
   9.19999834E-03  -9.80000019    
   9.59999859E-03  -9.80000019    
   9.99999885E-03  -9.80000019    
   1.03999991E-02  -9.80000019    
   1.07999993E-02  -9.80000019    
   1.11999996E-02  -9.80000019    
   1.15999999E-02  -9.80000019    
   1.20000001E-02  -9.80000019    
   1.24000004E-02  -9.80000019    
   1.28000006E-02  -9.80000019    
   1.32000009E-02  -9.80000019    
   1.36000011E-02  -9.80000019    
   1.40000014E-02  -9.80000019    
   1.44000016E-02  -9.80000019    
   1.48000019E-02  -9.80000019    
   1.52000021E-02  -9.80000019    
   1.56000024E-02  -9.80000019    
   1.60000026E-02  -9.80000019    
   1.64000019E-02  -9.80000019    
   1.68000013E-02  -9.80000019    
   1.72000006E-02  -9.80000019    
   1.75999999E-02  -9.80000019    
   1.79999992E-02  -9.80000019    
   1.83999985E-02  -9.80000019    
   1.87999979E-02  -9.80000019    
   1.91999972E-02  -9.80000019    
   1.95999965E-02  -9.80000019    
   1.99999958E-02  -9.80000019    
   2.03999951E-02  -9.80000019    
   2.07999945E-02  -9.80000019    
   2.11999938E-02  -9.80000019    
   2.15999931E-02  -9.80000019    
   2.19999924E-02  -9.80000019    
   2.23999918E-02  -9.80000019    
   2.27999911E-02  -9.80000019    
   2.31999904E-02  -9.80000019    
   2.35999897E-02  -9.80000019    
   2.39999890E-02  -9.80000019    
   2.43999884E-02  -9.80000019    
   2.47999877E-02  -9.80000019    
   2.51999870E-02  -9.80000019    
   2.55999863E-02  -9.80000019    
   2.59999856E-02  -9.80000019    
   2.63999850E-02  -9.80000019    
   2.67999843E-02  -9.80000019    
   2.71999836E-02  -9.80000019    
   2.75999829E-02  -9.80000019    
   2.79999822E-02  -9.80000019    
   2.83999816E-02  -9.80000019    
   2.87999809E-02  -9.80000019    
   2.91999802E-02  -9.80000019    
   2.95999795E-02  -9.80000019    
   2.99999788E-02  -9.80000019    
   3.03999782E-02  -9.80000019    
   3.07999775E-02  -9.80000019    
   3.11999768E-02  -9.80000019    
   3.15999761E-02  -9.80000019    
   3.19999754E-02  -9.80000019    
   3.23999748E-02  -9.80000019    
   3.27999741E-02  -9.80000019    
   3.31999734E-02  -9.80000019    
   3.35999727E-02  -9.80000019    
   3.39999720E-02  -9.80000019    
   3.43999714E-02  -9.80000019    
   3.47999707E-02  -9.80000019    
   3.51999700E-02  -9.80000019    
   3.55999693E-02  -9.80000019    
   3.59999686E-02  -9.80000019    
   3.63999680E-02  -9.80000019    
   3.67999673E-02  -9.80000019    
   3.71999666E-02  -9.80000019    
   3.75999659E-02  -9.80000019    
   3.79999653E-02  -9.80000019    
   3.83999646E-02  -9.80000019    
   3.87999639E-02  -9.80000019    
   3.91999632E-02  -9.80000019    
   3.95999625E-02  -9.80000019    
   3.99999619E-02  -9.80000019    
   4.03999612E-02  -9.80000019    
   4.07999605E-02  -9.80000019    
   4.11999598E-02  -9.80000019    
   4.15999591E-02  -9.80000019    
   4.19999585E-02  -9.80000019    
   4.23999578E-02  -9.80000019    
   4.27999571E-02  -9.80000019    
   4.31999564E-02  -9.80000019    
   4.35999557E-02  -9.80000019    
   4.39999551E-02  -9.80000019    
   4.43999544E-02  -9.80000019    
   4.47999537E-02  -9.80000019    
   4.51999530E-02  -9.80000019    
   4.55999523E-02  -9.80000019    
   4.59999517E-02  -9.80000019    
   4.63999510E-02  -9.80000019    
   4.67999503E-02  -9.80000019    
   4.71999496E-02  -9.80000019    
   4.75999489E-02  -9.80000019    
   4.79999483E-02  -9.80000019    
   4.83999476E-02  -9.80000019    
   4.87999469E-02  -9.80000019    
   4.91999462E-02  -9.80000019    
   4.95999455E-02  -9.80000019    
   4.99999449E-02  -9.80000019    
   5.03999442E-02  -9.80000019    
   5.07999435E-02  -9.80000019    
   5.11999428E-02  -9.80000019    
   5.15999421E-02  -9.80000019    
   5.19999415E-02  -9.80000019    
   5.23999408E-02  -9.80000019    
   5.27999401E-02  -9.80000019    
   5.31999394E-02  -9.80000019    
   5.35999388E-02  -9.80000019    
   5.39999381E-02  -9.80000019    
   5.43999374E-02  -9.80000019    
   5.47999367E-02  -9.80000019    
   5.51999360E-02  -9.80000019    
   5.55999354E-02  -9.80000019    
   5.59999347E-02  -9.80000019    
   5.63999340E-02  -9.80000019    
   5.67999333E-02  -9.80000019    
   5.71999326E-02  -9.80000019    
   5.75999320E-02  -9.80000019    
   5.79999313E-02  -9.80000019    
   5.83999306E-02  -9.80000019    
   5.87999299E-02  -9.80000019    
   5.91999292E-02  -9.80000019    
   5.95999286E-02  -9.80000019    
   5.99999279E-02  -9.80000019    
   6.03999272E-02  -9.80000019    
   6.07999265E-02  -9.80000019    
   6.11999258E-02  -9.80000019    
   6.15999252E-02  -9.80000019    
   6.19999245E-02  -9.80000019    
   6.23999238E-02  -9.80000019    
   6.27999231E-02  -9.80000019    
   6.31999224E-02  -9.80000019    
   6.35999218E-02  -9.80000019    
   6.39999211E-02  -9.80000019    
   6.43999204E-02  -9.80000019    
   6.47999197E-02  -9.80000019    
   6.51999190E-02  -9.80000019    
   6.55999184E-02  -9.80000019    
   6.59999177E-02  -9.80000019    
   6.63999170E-02  -9.80000019    
   6.67999163E-02  -9.80000019    
   6.71999156E-02  -9.80000019    
   6.75999150E-02  -9.80000019    
   6.79999143E-02  -9.80000019    
   6.83999136E-02  -9.80000019    
   6.87999129E-02  -9.80000019    
   6.91999123E-02  -9.80000019    
   6.95999116E-02  -9.80000019    
   6.99999109E-02  -9.80000019    
   7.03999102E-02  -9.80000019    
   7.07999095E-02  -9.80000019    
   7.11999089E-02  -9.80000019    
   7.15999082E-02  -9.80000019    
   7.19999075E-02  -9.80000019    
   7.23999068E-02  -9.80000019    
   7.27999061E-02  -9.80000019    
   7.31999055E-02  -9.80000019    
   7.35999048E-02  -9.80000019    
   7.39999041E-02  -9.80000019    
   7.43999034E-02  -9.80000019    
   7.47999027E-02  -9.80000019    
   7.51999021E-02  -9.80000019    
   7.55999014E-02  -9.80000019    
   7.59999007E-02  -9.80000019    
   7.63999000E-02  -9.80000019    
   7.67998993E-02  -9.80000019    
   7.71998987E-02  -9.80000019    
   7.75998980E-02  -9.80000019    
   7.79998973E-02  -9.80000019    
   7.83998966E-02  -9.80000019    
   7.87998959E-02  -9.80000019    
   7.91998953E-02  -9.80000019    
   7.95998946E-02  -9.80000019    
   7.99998939E-02  -9.80000019    
   8.03998932E-02  -9.80000019    
   8.07998925E-02  -9.80000019    
   8.11998919E-02  -9.80000019    
   8.15998912E-02  -9.80000019    
   8.19998905E-02  -9.80000019    
   8.23998898E-02  -9.80000019    
   8.27998891E-02  -9.80000019    
   8.31998885E-02  -9.80000019    
   8.35998878E-02  -9.80000019    
   8.39998871E-02  -9.80000019    
   8.43998864E-02  -9.80000019    
   8.47998857E-02  -9.80000019    
   8.51998851E-02  -9.80000019    
   8.55998844E-02  -9.80000019    
   8.59998837E-02  -9.80000019    
   8.63998830E-02  -9.80000019    
   8.67998824E-02  -9.80000019    
   8.71998817E-02  -9.80000019    
   8.75998810E-02  -9.80000019    
   8.79998803E-02  -9.80000019    
   8.83998796E-02  -9.80000019    
   8.87998790E-02  -9.80000019    
   8.91998783E-02  -9.80000019    
   8.95998776E-02  -9.80000019    
   8.99998769E-02  -9.80000019    
   9.03998762E-02  -9.80000019    
   9.07998756E-02  -9.80000019    
   9.11998749E-02  -9.80000019    
   9.15998742E-02  -9.80000019    
   9.19998735E-02  -9.80000019    
   9.23998728E-02  -9.80000019    
   9.27998722E-02  -9.80000019    
   9.31998715E-02  -9.80000019    
   9.35998708E-02  -9.80000019    
   9.39998701E-02  -9.80000019    
   9.43998694E-02  -9.80000019    
   9.47998688E-02  -9.80000019    
   9.51998681E-02  -9.80000019    
   9.55998674E-02  -9.80000019    
   9.59998667E-02  -9.80000019    
   9.63998660E-02  -9.80000019    
   9.67998654E-02  -9.80000019    
   9.71998647E-02  -9.80000019    
   9.75998640E-02  -9.80000019    
   9.79998633E-02  -9.80000019    
   9.83998626E-02  -9.80000019    
   9.87998620E-02  -9.80000019    
   9.91998613E-02  -9.80000019    
   9.95998606E-02  -9.80000019    
   9.99998599E-02  -9.80000019    
  0.100399859      -9.80000019    
  0.100799859      -9.80000019    
  0.101199858      -9.80000019    
  0.101599857      -9.80000019    
  0.101999857      -9.80000019    
  0.102399856      -9.80000019    
  0.102799855      -9.80000019    
  0.103199854      -9.80000019    
  0.103599854      -9.80000019    
  0.103999853      -9.80000019    
  0.104399852      -9.80000019    
  0.104799852      -9.80000019    
  0.105199851      -9.80000019    
  0.105599850      -9.80000019    
  0.105999850      -9.80000019    
  0.106399849      -9.80000019    
  0.106799848      -9.80000019    
  0.107199848      -9.80000019    
  0.107599847      -9.80000019    
  0.107999846      -9.80000019    
  0.108399846      -9.80000019    
  0.108799845      -9.80000019    
  0.109199844      -9.80000019    
  0.109599844      -9.80000019    
  0.109999843      -9.80000019    
  0.110399842      -9.80000019    
  0.110799842      -9.80000019    
  0.111199841      -9.80000019    
  0.111599840      -9.80000019    
  0.111999840      -9.80000019    
  0.112399839      -9.80000019    
  0.112799838      -9.80000019    
  0.113199838      -9.80000019    
  0.113599837      -9.80000019    
  0.113999836      -9.80000019    
  0.114399835      -9.80000019    
  0.114799835      -9.80000019    
  0.115199834      -9.80000019    
  0.115599833      -9.80000019    
  0.115999833      -9.80000019    
  0.116399832      -9.80000019    
  0.116799831      -9.80000019    
  0.117199831      -9.80000019    
  0.117599830      -9.80000019    
  0.117999829      -9.80000019    
  0.118399829      -9.80000019    
  0.118799828      -9.80000019    
  0.119199827      -9.80000019    
  0.119599827      -9.80000019    
  0.119999826      -9.80000019    
  0.120399825      -9.80000019    
  0.120799825      -9.80000019    
  0.121199824      -9.80000019    
  0.121599823      -9.80000019    
  0.121999823      -9.80000019    
  0.122399822      -9.80000019    
  0.122799821      -9.80000019    
  0.123199821      -9.80000019    
  0.123599820      -9.80000019    
  0.123999819      -9.80000019    
  0.124399818      -9.80000019    
  0.124799818      -9.80000019    
  0.125199825      -9.80000019    
  0.125599831      -9.80000019    
  0.125999838      -9.80000019    
  0.126399845      -9.80000019    
  0.126799852      -9.80000019    
  0.127199858      -9.80000019    
  0.127599865      -9.80000019    
  0.127999872      -9.80000019    
  0.128399879      -9.80000019    
  0.128799886      -9.80000019    
  0.129199892      -9.80000019    
  0.129599899      -9.80000019    
  0.129999906      -9.80000019    
  0.130399913      -9.80000019    
  0.130799919      -9.80000019    
  0.131199926      -9.80000019    
  0.131599933      -9.80000019    
  0.131999940      -9.80000019    
  0.132399946      -9.80000019    
  0.132799953      -9.80000019    
  0.133199960      -9.80000019    
  0.133599967      -9.80000019    
  0.133999974      -9.80000019    
  0.134399980      -9.80000019    
  0.134799987      -9.80000019    
  0.135199994      -9.80000019    
  0.135600001      -9.80000019    
  0.136000007      -9.80000019    
  0.136400014      -9.80000019    
  0.136800021      -9.80000019    
  0.137200028      -9.80000019    
  0.137600034      -9.80000019    
  0.138000041      -9.80000019    
  0.138400048      -9.80000019    
  0.138800055      -9.80000019    
  0.139200062      -9.80000019    
  0.139600068      -9.80000019    
  0.140000075      -9.80000019    
  0.140400082      -9.80000019    
  0.140800089      -9.80000019    
  0.141200095      -9.80000019    
  0.141600102      -9.80000019    
  0.142000109      -9.80000019    
  0.142400116      -9.80000019    
  0.142800122      -9.80000019    
  0.143200129      -9.80000019    
  0.143600136      -9.80000019    
  0.144000143      -9.80000019    
  0.144400150      -9.80000019    
  0.144800156      -9.80000019    
  0.145200163      -9.80000019    
  0.145600170      -9.80000019    
  0.146000177      -9.80000019    
  0.146400183      -9.80000019    
  0.146800190      -9.80000019    
  0.147200197      -9.80000019    
  0.147600204      -9.80000019    
  0.148000211      -9.80000019    
  0.148400217      -9.80000019    
  0.148800224      -9.80000019    
  0.149200231      -9.80000019    
  0.149600238      -9.80000019    
  0.150000244      -9.80000019    
  0.150400251      -9.80000019    
  0.150800258      -9.80000019    
  0.151200265      -9.80000019    
  0.151600271      -9.80000019    
  0.152000278      -9.80000019    
  0.152400285      -9.80000019    
  0.152800292      -9.80000019    
  0.153200299      -9.80000019    
  0.153600305      -9.80000019    
  0.154000312      -9.80000019    
  0.154400319      -9.80000019    
  0.154800326      -9.80000019    
  0.155200332      -9.80000019    
  0.155600339      -9.80000019    
  0.156000346      -9.80000019    
  0.156400353      -9.80000019    
  0.156800359      -9.80000019    
  0.157200366      -9.80000019    
  0.157600373      -9.80000019    
  0.158000380      -9.80000019    
  0.158400387      -9.80000019    
  0.158800393      -9.80000019    
  0.159200400      -9.80000019    
  0.159600407      -9.80000019    
  0.160000414      -9.80000019    
  0.160400420      -9.80000019    
  0.160800427      -9.80000019    
  0.161200434      -9.80000019    
  0.161600441      -9.80000019    
  0.162000448      -9.80000019    
  0.162400454      -9.80000019    
  0.162800461      -9.80000019    
  0.163200468      -9.80000019    
  0.163600475      -9.80000019    
  0.164000481      -9.80000019    
  0.164400488      -9.80000019    
  0.164800495      -9.80000019    
  0.165200502      -9.80000019    
  0.165600508      -9.80000019    
  0.166000515      -9.80000019    
  0.166400522      -9.80000019    
  0.166800529      -9.80000019    
  0.167200536      -9.80000019    
  0.167600542      -9.80000019    
  0.168000549      -9.80000019    
  0.168400556      -9.80000019    
  0.168800563      -9.80000019    
  0.169200569      -9.80000019    
  0.169600576      -9.80000019    
  0.170000583      -9.80000019    
  0.170400590      -9.80000019    
  0.170800596      -9.80000019    
  0.171200603      -9.80000019    
  0.171600610      -9.80000019    
  0.172000617      -9.80000019    
  0.172400624      -9.80000019    
  0.172800630      -9.80000019    
  0.173200637      -9.80000019    
  0.173600644      -9.80000019    
  0.174000651      -9.80000019    
  0.174400657      -9.80000019    
  0.174800664      -9.80000019    
  0.175200671      -9.80000019    
  0.175600678      -9.80000019    
  0.176000684      -9.80000019    
  0.176400691      -9.80000019    
  0.176800698      -9.80000019    
  0.177200705      -9.80000019    
  0.177600712      -9.80000019    
  0.178000718      -9.80000019    
  0.178400725      -9.80000019    
  0.178800732      -9.80000019    
  0.179200739      -9.80000019    
  0.179600745      -9.80000019    
  0.180000752      -9.80000019    
  0.180400759      -9.80000019    
  0.180800766      -9.80000019    
  0.181200773      -9.80000019    
  0.181600779      -9.80000019    
  0.182000786      -9.80000019    
  0.182400793      -9.80000019    
  0.182800800      -9.80000019    
  0.183200806      -9.80000019    
  0.183600813      -9.80000019    
  0.184000820      -9.80000019    
  0.184400827      -9.80000019    
  0.184800833      -9.80000019    
  0.185200840      -9.80000019    
  0.185600847      -9.80000019    
  0.186000854      -9.80000019    
  0.186400861      -9.80000019    
  0.186800867      -9.80000019    
  0.187200874      -9.80000019    
  0.187600881      -9.80000019    
  0.188000888      -9.80000019    
  0.188400894      -9.80000019    
  0.188800901      -9.80000019    
  0.189200908      -9.80000019    
  0.189600915      -9.80000019    
  0.190000921      -9.80000019    
  0.190400928      -9.80000019    
  0.190800935      -9.80000019    
  0.191200942      -9.80000019    
  0.191600949      -9.80000019    
  0.192000955      -9.80000019    
  0.192400962      -9.80000019    
  0.192800969      -9.80000019    
  0.193200976      -9.80000019    
  0.193600982      -9.80000019    
  0.194000989      -9.80000019    
  0.194400996      -9.80000019    
  0.194801003      -9.80000019    
  0.195201010      -9.80000019    
  0.195601016      -9.80000019    
  0.196001023      -9.80000019    
  0.196401030      -9.80000019    
  0.196801037      -9.80000019    
  0.197201043      -9.80000019    
  0.197601050      -9.80000019    
  0.198001057      -9.80000019    
  0.198401064      -9.80000019    
  0.198801070      -9.80000019    
  0.199201077      -9.80000019    
  0.199601084      -9.80000019    
  0.200001091      -9.80000019    
  0.200401098      -9.80000019    
  0.200801104      -9.80000019    
  0.201201111      -9.80000019    
  0.201601118      -9.80000019    
  0.202001125      -9.80000019    
  0.202401131      -9.80000019    
  0.202801138      -9.80000019    
  0.203201145      -9.80000019    
  0.203601152      -9.80000019    
  0.204001158      -9.80000019    
  0.204401165      -9.80000019    
  0.204801172      -9.80000019    
  0.205201179      -9.80000019    
  0.205601186      -9.80000019    
  0.206001192      -9.80000019    
  0.206401199      -9.80000019    
  0.206801206      -9.80000019    
  0.207201213      -9.80000019    
  0.207601219      -9.80000019    
  0.208001226      -9.80000019    
  0.208401233      -9.80000019    
  0.208801240      -9.80000019    
  0.209201247      -9.80000019    
  0.209601253      -9.80000019    
  0.210001260      -9.80000019    
  0.210401267      -9.80000019    
  0.210801274      -9.80000019    
  0.211201280      -9.80000019    
  0.211601287      -9.80000019    
  0.212001294      -9.80000019    
  0.212401301      -9.80000019    
  0.212801307      -9.80000019    
  0.213201314      -9.80000019    
  0.213601321      -9.80000019    
  0.214001328      -9.80000019    
  0.214401335      -9.80000019    
  0.214801341      -9.80000019    
  0.215201348      -9.80000019    
  0.215601355      -9.80000019    
  0.216001362      -9.80000019    
  0.216401368      -9.80000019    
  0.216801375      -9.80000019    
  0.217201382      -9.80000019    
  0.217601389      -9.80000019    
  0.218001395      -9.80000019    
  0.218401402      -9.80000019    
  0.218801409      -9.80000019    
  0.219201416      -9.80000019    
  0.219601423      -9.80000019    
  0.220001429      -9.80000019    
  0.220401436      -9.80000019    
  0.220801443      -9.80000019    
  0.221201450      -9.80000019    
  0.221601456      -9.80000019    
  0.222001463      -9.80000019    
  0.222401470      -9.80000019    
  0.222801477      -9.80000019    
  0.223201483      -9.80000019    
  0.223601490      -9.80000019    
  0.224001497      -9.80000019    
  0.224401504      -9.80000019    
  0.224801511      -9.80000019    
  0.225201517      -9.80000019    
  0.225601524      -9.80000019    
  0.226001531      -9.80000019    
  0.226401538      -9.80000019    
  0.226801544      -9.80000019    
  0.227201551      -9.80000019    
  0.227601558      -9.80000019    
  0.228001565      -9.80000019    
  0.228401572      -9.80000019    
  0.228801578      -9.80000019    
  0.229201585      -9.80000019    
  0.229601592      -9.80000019    
  0.230001599      -9.80000019    
  0.230401605      -9.80000019    
  0.230801612      -9.80000019    
  0.231201619      -9.80000019    
  0.231601626      -9.80000019    
  0.232001632      -9.80000019    
  0.232401639      -9.80000019    
  0.232801646      -9.80000019    
  0.233201653      -9.80000019    
  0.233601660      -9.80000019    
  0.234001666      -9.80000019    
  0.234401673      -9.80000019    
  0.234801680      -9.80000019    
  0.235201687      -9.80000019    
  0.235601693      -9.80000019    
  0.236001700      -9.80000019    
  0.236401707      -9.80000019    
  0.236801714      -9.80000019    
  0.237201720      -9.80000019    
  0.237601727      -9.80000019    
  0.238001734      -9.80000019    
  0.238401741      -9.80000019    
  0.238801748      -9.80000019    
  0.239201754      -9.80000019    
  0.239601761      -9.80000019    
  0.240001768      -9.80000019    
  0.240401775      -9.80000019    
  0.240801781      -9.80000019    
  0.241201788      -9.80000019    
  0.241601795      -9.80000019    
  0.242001802      -9.80000019    
  0.242401809      -9.80000019    
  0.242801815      -9.80000019    
  0.243201822      -9.80000019    
  0.243601829      -9.80000019    
  0.244001836      -9.80000019    
  0.244401842      -9.80000019    
  0.244801849      -9.80000019    
  0.245201856      -9.80000019    
  0.245601863      -9.80000019    
  0.246001869      -9.80000019    
  0.246401876      -9.80000019    
  0.246801883      -9.80000019    
  0.247201890      -9.80000019    
  0.247601897      -9.80000019    
  0.248001903      -9.80000019    
  0.248401910      -9.80000019    
  0.248801917      -9.80000019    
  0.249201924      -9.80000019    
  0.249601930      -9.80000019    
  0.250001937      -9.80000019    
  0.250401944      -9.80000019    
  0.250801951      -9.80000019    
  0.251201957      -9.80000019    
  0.251601964      -9.80000019    
  0.252001971      -9.80000019    
  0.252401978      -9.80000019    
  0.252801985      -9.80000019    
  0.253201991      -9.80000019    
  0.253601998      -9.80000019    
  0.254002005      -9.80000019    
  0.254402012      -9.80000019    
  0.254802018      -9.80000019    
  0.255202025      -9.80000019    
  0.255602032      -9.80000019    
  0.256002039      -9.80000019    
  0.256402045      -9.80000019    
  0.256802052      -9.80000019    
  0.257202059      -9.80000019    
  0.257602066      -9.80000019    
  0.258002073      -9.80000019    
  0.258402079      -9.80000019    
  0.258802086      -9.80000019    
  0.259202093      -9.80000019    
  0.259602100      -9.80000019    
  0.260002106      -9.80000019    
  0.260402113      -9.80000019    
  0.260802120      -9.80000019    
  0.261202127      -9.80000019    
  0.261602134      -9.80000019    
  0.262002140      -9.80000019    
  0.262402147      -9.80000019    
  0.262802154      -9.80000019    
  0.263202161      -9.80000019    
  0.263602167      -9.80000019    
  0.264002174      -9.80000019    
  0.264402181      -9.80000019    
  0.264802188      -9.80000019    
  0.265202194      -9.80000019    
  0.265602201      -9.80000019    
  0.266002208      -9.80000019    
  0.266402215      -9.80000019    
  0.266802222      -9.80000019    
  0.267202228      -9.80000019    
  0.267602235      -9.80000019    
  0.268002242      -9.80000019    
  0.268402249      -9.80000019    
  0.268802255      -9.80000019    
  0.269202262      -9.80000019    
  0.269602269      -9.80000019    
  0.270002276      -9.80000019    
  0.270402282      -9.80000019    
  0.270802289      -9.80000019    
  0.271202296      -9.80000019    
  0.271602303      -9.80000019    
  0.272002310      -9.80000019    
  0.272402316      -9.80000019    
  0.272802323      -9.80000019    
  0.273202330      -9.80000019    
  0.273602337      -9.80000019    
  0.274002343      -9.80000019    
  0.274402350      -9.80000019    
  0.274802357      -9.80000019    
  0.275202364      -9.80000019    
  0.275602371      -9.80000019    
  0.276002377      -9.80000019    
  0.276402384      -9.80000019    
  0.276802391      -9.80000019    
  0.277202398      -9.80000019    
  0.277602404      -9.80000019    
  0.278002411      -9.80000019    
  0.278402418      -9.80000019    
  0.278802425      -9.80000019    
  0.279202431      -9.80000019    
  0.279602438      -9.80000019    
  0.280002445      -9.80000019    
  0.280402452      -9.80000019    
  0.280802459      -9.80000019    
  0.281202465      -9.80000019    
  0.281602472      -9.80000019    
  0.282002479      -9.80000019    
  0.282402486      -9.80000019    
  0.282802492      -9.80000019    
  0.283202499      -9.80000019    
  0.283602506      -9.80000019    
  0.284002513      -9.80000019    
  0.284402519      -9.80000019    
  0.284802526      -9.80000019    
  0.285202533      -9.80000019    
  0.285602540      -9.80000019    
  0.286002547      -9.80000019    
  0.286402553      -9.80000019    
  0.286802560      -9.80000019    
  0.287202567      -9.80000019    
  0.287602574      -9.80000019    
  0.288002580      -9.80000019    
  0.288402587      -9.80000019    
  0.288802594      -9.80000019    
  0.289202601      -9.80000019    
  0.289602607      -9.80000019    
  0.290002614      -9.80000019    
  0.290402621      -9.80000019    
  0.290802628      -9.80000019    
  0.291202635      -9.80000019    
  0.291602641      -9.80000019    
  0.292002648      -9.80000019    
  0.292402655      -9.80000019    
  0.292802662      -9.80000019    
  0.293202668      -9.80000019    
  0.293602675      -9.80000019    
  0.294002682      -9.80000019    
  0.294402689      -9.80000019    
  0.294802696      -9.80000019    
  0.295202702      -9.80000019    
  0.295602709      -9.80000019    
  0.296002716      -9.80000019    
  0.296402723      -9.80000019    
  0.296802729      -9.80000019    
  0.297202736      -9.80000019    
  0.297602743      -9.80000019    
  0.298002750      -9.80000019    
  0.298402756      -9.80000019    
  0.298802763      -9.80000019    
  0.299202770      -9.80000019    
  0.299602777      -9.80000019    
  0.300002784      -9.80000019    
  0.300402790      -9.80000019    
  0.300802797      -9.80000019    
  0.301202804      -9.80000019    
  0.301602811      -9.80000019    
  0.302002817      -9.80000019    
  0.302402824      -9.80000019    
  0.302802831      -9.80000019    
  0.303202838      -9.80000019    
  0.303602844      -9.80000019    
  0.304002851      -9.80000019    
  0.304402858      -9.80000019    
  0.304802865      -9.80000019    
  0.305202872      -9.80000019    
  0.305602878      -9.80000019    
  0.306002885      -9.80000019    
  0.306402892      -9.80000019    
  0.306802899      -9.80000019    
  0.307202905      -9.80000019    
  0.307602912      -9.80000019    
  0.308002919      -9.80000019    
  0.308402926      -9.80000019    
  0.308802933      -9.80000019    
  0.309202939      -9.80000019    
  0.309602946      -9.80000019    
  0.310002953      -9.80000019    
  0.310402960      -9.80000019    
  0.310802966      -9.80000019    
  0.311202973      -9.80000019    
  0.311602980      -9.80000019    
  0.312002987      -9.80000019    
  0.312402993      -9.80000019    
  0.312803000      -9.80000019    
  0.313203007      -9.80000019    
  0.313603014      -9.80000019    
  0.314003021      -9.80000019    
  0.314403027      -9.80000019    
  0.314803034      -9.80000019    
  0.315203041      -9.80000019    
  0.315603048      -9.80000019    
  0.316003054      -9.80000019    
  0.316403061      -9.80000019    
  0.316803068      -9.80000019    
  0.317203075      -9.80000019    
  0.317603081      -9.80000019    
  0.318003088      -9.80000019    
  0.318403095      -9.80000019    
  0.318803102      -9.80000019    
  0.319203109      -9.80000019    
  0.319603115      -9.80000019    
  0.320003122      -9.80000019    
  0.320403129      -9.80000019    
  0.320803136      -9.80000019    
  0.321203142      -9.80000019    
  0.321603149      -9.80000019    
  0.322003156      -9.80000019    
  0.322403163      -9.80000019    
  0.322803169      -9.80000019    
  0.323203176      -9.80000019    
  0.323603183      -9.80000019    
  0.324003190      -9.80000019    
  0.324403197      -9.80000019    
  0.324803203      -9.80000019    
  0.325203210      -9.80000019    
  0.325603217      -9.80000019    
  0.326003224      -9.80000019    
  0.326403230      -9.80000019    
  0.326803237      -9.80000019    
  0.327203244      -9.80000019    
  0.327603251      -9.80000019    
  0.328003258      -9.80000019    
  0.328403264      -9.80000019    
  0.328803271      -9.80000019    
  0.329203278      -9.80000019    
  0.329603285      -9.80000019    
  0.330003291      -9.80000019    
  0.330403298      -9.80000019    
  0.330803305      -9.80000019    
  0.331203312      -9.80000019    
  0.331603318      -9.80000019    
  0.332003325      -9.80000019    
  0.332403332      -9.80000019    
  0.332803339      -9.80000019    
  0.333203346      -9.80000019    
  0.333603352      -9.80000019    
  0.334003359      -9.80000019    
  0.334403366      -9.80000019    
  0.334803373      -9.80000019    
  0.335203379      -9.80000019    
  0.335603386      -9.80000019    
  0.336003393      -9.80000019    
  0.336403400      -9.80000019    
  0.336803406      -9.80000019    
  0.337203413      -9.80000019    
  0.337603420      -9.80000019    
  0.338003427      -9.80000019    
  0.338403434      -9.80000019    
  0.338803440      -9.80000019    
  0.339203447      -9.80000019    
  0.339603454      -9.80000019    
  0.340003461      -9.80000019    
  0.340403467      -9.80000019    
  0.340803474      -9.80000019    
  0.341203481      -9.80000019    
  0.341603488      -9.80000019    
  0.342003495      -9.80000019    
  0.342403501      -9.80000019    
  0.342803508      -9.80000019    
  0.343203515      -9.80000019    
  0.343603522      -9.80000019    
  0.344003528      -9.80000019    
  0.344403535      -9.80000019    
  0.344803542      -9.80000019    
  0.345203549      -9.80000019    
  0.345603555      -9.80000019    
  0.346003562      -9.80000019    
  0.346403569      -9.80000019    
  0.346803576      -9.80000019    
  0.347203583      -9.80000019    
  0.347603589      -9.80000019    
  0.348003596      -9.80000019    
  0.348403603      -9.80000019    
  0.348803610      -9.80000019    
  0.349203616      -9.80000019    
  0.349603623      -9.80000019    
  0.350003630      -9.80000019    
  0.350403637      -9.80000019    
  0.350803643      -9.80000019    
  0.351203650      -9.80000019    
  0.351603657      -9.80000019    
  0.352003664      -9.80000019    
  0.352403671      -9.80000019    
  0.352803677      -9.80000019    
  0.353203684      -9.80000019    
  0.353603691      -9.80000019    
  0.354003698      -9.80000019    
  0.354403704      -9.80000019    
  0.354803711      -9.80000019    
  0.355203718      -9.80000019    
  0.355603725      -9.80000019    
  0.356003731      -9.80000019    
  0.356403738      -9.80000019    
  0.356803745      -9.80000019    
  0.357203752      -9.80000019    
  0.357603759      -9.80000019    
  0.358003765      -9.80000019    
  0.358403772      -9.80000019    
  0.358803779      -9.80000019    
  0.359203786      -9.80000019    
  0.359603792      -9.80000019    
  0.360003799      -9.80000019    
  0.360403806      -9.80000019    
  0.360803813      -9.80000019    
  0.361203820      -9.80000019    
  0.361603826      -9.80000019    
  0.362003833      -9.80000019    
  0.362403840      -9.80000019    
  0.362803847      -9.80000019    
  0.363203853      -9.80000019    
  0.363603860      -9.80000019    
  0.364003867      -9.80000019    
  0.364403874      -9.80000019    
  0.364803880      -9.80000019    
  0.365203887      -9.80000019    
  0.365603894      -9.80000019    
  0.366003901      -9.80000019    
  0.366403908      -9.80000019    
  0.366803914      -9.80000019    
  0.367203921      -9.80000019    
  0.367603928      -9.80000019    
  0.368003935      -9.80000019    
  0.368403941      -9.80000019    
  0.368803948      -9.80000019    
  0.369203955      -9.80000019    
  0.369603962      -9.80000019    
  0.370003968      -9.80000019    
  0.370403975      -9.80000019    
  0.370803982      -9.80000019    
  0.371203989      -9.80000019    
  0.371603996      -9.80000019    
  0.372004002      -9.80000019    
  0.372404009      -9.80000019    
  0.372804016      -9.80000019    
  0.373204023      -9.80000019    
  0.373604029      -9.80000019    
  0.374004036      -9.80000019    
  0.374404043      -9.80000019    
  0.374804050      -9.80000019    
  0.375204057      -9.80000019    
  0.375604063      -9.80000019    
  0.376004070      -9.80000019    
  0.376404077      -9.80000019    
  0.376804084      -9.80000019    
  0.377204090      -9.80000019    
  0.377604097      -9.80000019    
  0.378004104      -9.80000019    
  0.378404111      -9.80000019    
  0.378804117      -9.80000019    
  0.379204124      -9.80000019    
  0.379604131      -9.80000019    
  0.380004138      -9.80000019    
  0.380404145      -9.80000019    
  0.380804151      -9.80000019    
  0.381204158      -9.80000019    
  0.381604165      -9.80000019    
  0.382004172      -9.80000019    
  0.382404178      -9.80000019    
  0.382804185      -9.80000019    
  0.383204192      -9.80000019    
  0.383604199      -9.80000019    
  0.384004205      -9.80000019    
  0.384404212      -9.80000019    
  0.384804219      -9.80000019    
  0.385204226      -9.80000019    
  0.385604233      -9.80000019    
  0.386004239      -9.80000019    
  0.386404246      -9.80000019    
  0.386804253      -9.80000019    
  0.387204260      -9.80000019    
  0.387604266      -9.80000019    
  0.388004273      -9.80000019    
  0.388404280      -9.80000019    
  0.388804287      -9.80000019    
  0.389204293      -9.80000019    
  0.389604300      -9.80000019    
  0.390004307      -9.80000019    
  0.390404314      -9.80000019    
  0.390804321      -9.80000019    
  0.391204327      -9.80000019    
  0.391604334      -9.80000019    
  0.392004341      -9.80000019    
  0.392404348      -9.80000019    
  0.392804354      -9.80000019    
  0.393204361      -9.80000019    
  0.393604368      -9.80000019    
  0.394004375      -9.80000019    
  0.394404382      -9.80000019    
  0.394804388      -9.80000019    
  0.395204395      -9.80000019    
  0.395604402      -9.80000019    
  0.396004409      -9.80000019    
  0.396404415      -9.80000019    
  0.396804422      -9.80000019    
  0.397204429      -9.80000019    
  0.397604436      -9.80000019    
  0.398004442      -9.80000019    
  0.398404449      -9.80000019    
  0.398804456      -9.80000019    
  0.399204463      -9.80000019    
  0.399604470      -9.80000019    
  0.400004476      -9.80000019    
  0.400404483      -9.80000019    
  0.400804490      -9.80000019    
  0.401204497      -9.80000019    
  0.401604503      -9.80000019    
  0.402004510      -9.80000019    
  0.402404517      -9.80000019    
  0.402804524      -9.80000019    
  0.403204530      -9.80000019    
  0.403604537      -9.80000019    
  0.404004544      -9.80000019    
  0.404404551      -9.80000019    
  0.404804558      -9.80000019    
  0.405204564      -9.80000019    
  0.405604571      -9.80000019    
  0.406004578      -9.80000019    
  0.406404585      -9.80000019    
  0.406804591      -9.80000019    
  0.407204598      -9.80000019    
  0.407604605      -9.80000019    
  0.408004612      -9.80000019    
  0.408404619      -9.80000019    
  0.408804625      -9.80000019    
  0.409204632      -9.80000019    
  0.409604639      -9.80000019    
  0.410004646      -9.80000019    
  0.410404652      -9.80000019    
  0.410804659      -9.80000019    
  0.411204666      -9.80000019    
  0.411604673      -9.80000019    
  0.412004679      -9.80000019    
  0.412404686      -9.80000019    
  0.412804693      -9.80000019    
  0.413204700      -9.80000019    
  0.413604707      -9.80000019    
  0.414004713      -9.80000019    
  0.414404720      -9.80000019    
  0.414804727      -9.80000019    
  0.415204734      -9.80000019    
  0.415604740      -9.80000019    
  0.416004747      -9.80000019    
  0.416404754      -9.80000019    
  0.416804761      -9.80000019    
  0.417204767      -9.80000019    
  0.417604774      -9.80000019    
  0.418004781      -9.80000019    
  0.418404788      -9.80000019    
  0.418804795      -9.80000019    
  0.419204801      -9.80000019    
  0.419604808      -9.80000019    
  0.420004815      -9.80000019    
  0.420404822      -9.80000019    
  0.420804828      -9.80000019    
  0.421204835      -9.80000019    
  0.421604842      -9.80000019    
  0.422004849      -9.80000019    
  0.422404855      -9.80000019    
  0.422804862      -9.80000019    
  0.423204869      -9.80000019    
  0.423604876      -9.80000019    
  0.424004883      -9.80000019    
  0.424404889      -9.80000019    
  0.424804896      -9.80000019    
  0.425204903      -9.80000019    
  0.425604910      -9.80000019    
  0.426004916      -9.80000019    
  0.426404923      -9.80000019    
  0.426804930      -9.80000019    
  0.427204937      -9.80000019    
  0.427604944      -9.80000019    
  0.428004950      -9.80000019    
  0.428404957      -9.80000019    
  0.428804964      -9.80000019    
  0.429204971      -9.80000019    
  0.429604977      -9.80000019    
  0.430004984      -9.80000019    
  0.430404991      -9.80000019    
  0.430804998      -9.80000019    
  0.431205004      -9.80000019    
  0.431605011      -9.80000019    
  0.432005018      -9.80000019    
  0.432405025      -9.80000019    
  0.432805032      -9.80000019    
  0.433205038      -9.80000019    
  0.433605045      -9.80000019    
  0.434005052      -9.80000019    
  0.434405059      -9.80000019    
  0.434805065      -9.80000019    
  0.435205072      -9.80000019    
  0.435605079      -9.80000019    
  0.436005086      -9.80000019    
  0.436405092      -9.80000019    
  0.436805099      -9.80000019    
  0.437205106      -9.80000019    
  0.437605113      -9.80000019    
  0.438005120      -9.80000019    
  0.438405126      -9.80000019    
  0.438805133      -9.80000019    
  0.439205140      -9.80000019    
  0.439605147      -9.80000019    
  0.440005153      -9.80000019    
  0.440405160      -9.80000019    
  0.440805167      -9.80000019    
  0.441205174      -9.80000019    
  0.441605181      -9.80000019    
  0.442005187      -9.80000019    
  0.442405194      -9.80000019    
  0.442805201      -9.80000019    
  0.443205208      -9.80000019    
  0.443605214      -9.80000019    
  0.444005221      -9.80000019    
  0.444405228      -9.80000019    
  0.444805235      -9.80000019    
  0.445205241      -9.80000019    
  0.445605248      -9.80000019    
  0.446005255      -9.80000019    
  0.446405262      -9.80000019    
  0.446805269      -9.80000019    
  0.447205275      -9.80000019    
  0.447605282      -9.80000019    
  0.448005289      -9.80000019    
  0.448405296      -9.80000019    
  0.448805302      -9.80000019    
  0.449205309      -9.80000019    
  0.449605316      -9.80000019    
  0.450005323      -9.80000019    
  0.450405329      -9.80000019    
  0.450805336      -9.80000019    
  0.451205343      -9.80000019    
  0.451605350      -9.80000019    
  0.452005357      -9.80000019    
  0.452405363      -9.80000019    
  0.452805370      -9.80000019    
  0.453205377      -9.80000019    
  0.453605384      -9.80000019    
  0.454005390      -9.80000019    
  0.454405397      -9.80000019    
  0.454805404      -9.80000019    
  0.455205411      -9.80000019    
  0.455605417      -9.80000019    
  0.456005424      -9.80000019    
  0.456405431      -9.80000019    
  0.456805438      -9.80000019    
  0.457205445      -9.80000019    
  0.457605451      -9.80000019    
  0.458005458      -9.80000019    
  0.458405465      -9.80000019    
  0.458805472      -9.80000019    
  0.459205478      -9.80000019    
  0.459605485      -9.80000019    
  0.460005492      -9.80000019    
  0.460405499      -9.80000019    
  0.460805506      -9.80000019    
  0.461205512      -9.80000019    
  0.461605519      -9.80000019    
  0.462005526      -9.80000019    
  0.462405533      -9.80000019    
  0.462805539      -9.80000019    
  0.463205546      -9.80000019    
  0.463605553      -9.80000019    
  0.464005560      -9.80000019    
  0.464405566      -9.80000019    
  0.464805573      -9.80000019    
  0.465205580      -9.80000019    
  0.465605587      -9.80000019    
  0.466005594      -9.80000019    
  0.466405600      -9.80000019    
  0.466805607      -9.80000019    
  0.467205614      -9.80000019    
  0.467605621      -9.80000019    
  0.468005627      -9.80000019    
  0.468405634      -9.80000019    
  0.468805641      -9.80000019    
  0.469205648      -9.80000019    
  0.469605654      -9.80000019    
  0.470005661      -9.80000019    
  0.470405668      -9.80000019    
  0.470805675      -9.80000019    
  0.471205682      -9.80000019    
  0.471605688      -9.80000019    
  0.472005695      -9.80000019    
  0.472405702      -9.80000019    
  0.472805709      -9.80000019    
  0.473205715      -9.80000019    
  0.473605722      -9.80000019    
  0.474005729      -9.80000019    
  0.474405736      -9.80000019    
  0.474805743      -9.80000019    
  0.475205749      -9.80000019    
  0.475605756      -9.80000019    
  0.476005763      -9.80000019    
  0.476405770      -9.80000019    
  0.476805776      -9.80000019    
  0.477205783      -9.80000019    
  0.477605790      -9.80000019    
  0.478005797      -9.80000019    
  0.478405803      -9.80000019    
  0.478805810      -9.80000019    
  0.479205817      -9.80000019    
  0.479605824      -9.80000019    
  0.480005831      -9.80000019    
  0.480405837      -9.80000019    
  0.480805844      -9.80000019    
  0.481205851      -9.80000019    
  0.481605858      -9.80000019    
  0.482005864      -9.80000019    
  0.482405871      -9.80000019    
  0.482805878      -9.80000019    
  0.483205885      -9.80000019    
  0.483605891      -9.80000019    
  0.484005898      -9.80000019    
  0.484405905      -9.80000019    
  0.484805912      -9.80000019    
  0.485205919      -9.80000019    
  0.485605925      -9.80000019    
  0.486005932      -9.80000019    
  0.486405939      -9.80000019    
  0.486805946      -9.80000019    
  0.487205952      -9.80000019    
  0.487605959      -9.80000019    
  0.488005966      -9.80000019    
  0.488405973      -9.80000019    
  0.488805979      -9.80000019    
  0.489205986      -9.80000019    
  0.489605993      -9.80000019    
  0.490006000      -9.80000019    
  0.490406007      -9.80000019    
  0.490806013      -9.80000019    
  0.491206020      -9.80000019    
  0.491606027      -9.80000019    
  0.492006034      -9.80000114    
  0.492406040      -9.80000019    
  0.492806047      -9.80000019    
  0.493206054      -9.80000019    
  0.493606061      -9.80000019    
  0.494006068      -9.80000019    
  0.494406074      -9.80000019    
  0.494806081      -9.80000019    
  0.495206088      -9.80000019    
  0.495606095      -9.80000019    
  0.496006101      -9.80000019    
  0.496406108      -9.80000019    
  0.496806115      -9.80000019    
  0.497206122      -9.80000019    
  0.497606128      -9.80000019    
  0.498006135      -9.80000019    
  0.498406142      -9.80000019    
  0.498806149      -9.80000019    
  0.499206156      -9.80000019    
  0.499606162      -9.80000019    
  0.500006139      -9.80000019    
  0.500406146      -9.80000019    
  0.500806153      -9.80000019    
  0.501206160      -9.80000019    
  0.501606166      -9.80000019    
  0.502006173      -9.80000019    
  0.502406180      -9.80000019    
  0.502806187      -9.80000019    
  0.503206193      -9.80000019    
  0.503606200      -9.80000019    
  0.504006207      -9.80000019    
  0.504406214      -9.80000019    
  0.504806221      -9.80000019    
  0.505206227      -9.80000019    
  0.505606234      -9.80000019    
  0.506006241      -9.80000019    
  0.506406248      -9.80000019    
  0.506806254      -9.80000019    
  0.507206261      -9.80000019    
  0.507606268      -9.80000019    
  0.508006275      -9.80000019    
  0.508406281      -9.80000019    
  0.508806288      -9.80000019    
  0.509206295      -9.80000019    
  0.509606302      -9.80000019    
  0.510006309      -9.80000019    
  0.510406315      -9.80000019    
  0.510806322      -9.80000019    
  0.511206329      -9.80000019    
  0.511606336      -9.80000019    
  0.512006342      -9.80000019    
  0.512406349      -9.80000019    
  0.512806356      -9.80000019    
  0.513206363      -9.80000019    
  0.513606369      -9.80000019    
  0.514006376      -9.80000019    
  0.514406383      -9.80000019    
  0.514806390      -9.80000019    
  0.515206397      -9.80000019    
  0.515606403      -9.80000019    
  0.516006410      -9.80000019    
  0.516406417      -9.80000019    
  0.516806424      -9.80000019    
  0.517206430      -9.80000019    
  0.517606437      -9.80000019    
  0.518006444      -9.80000019    
  0.518406451      -9.80000019    
  0.518806458      -9.80000019    
  0.519206464      -9.80000019    
  0.519606471      -9.80000019    
  0.520006478      -9.80000019    
  0.520406485      -9.80000019    
  0.520806491      -9.80000019    
  0.521206498      -9.80000019    
  0.521606505      -9.80000019    
  0.522006512      -9.80000019    
  0.522406518      -9.80000019    
  0.522806525      -9.80000019    
  0.523206532      -9.80000019    
  0.523606539      -9.80000019    
  0.524006546      -9.80000019    
  0.524406552      -9.80000019    
  0.524806559      -9.80000019    
  0.525206566      -9.80000019    
  0.525606573      -9.80000019    
  0.526006579      -9.80000019    
  0.526406586      -9.80000019    
  0.526806593      -9.80000019    
  0.527206600      -9.80000019    
  0.527606606      -9.80000019    
  0.528006613      -9.80000019    
  0.528406620      -9.80000019    
  0.528806627      -9.80000019    
  0.529206634      -9.80000019    
  0.529606640      -9.80000019    
  0.530006647      -9.80000019    
  0.530406654      -9.80000019    
  0.530806661      -9.80000019    
  0.531206667      -9.80000019    
  0.531606674      -9.80000019    
  0.532006681      -9.80000019    
  0.532406688      -9.80000019    
  0.532806695      -9.80000019    
  0.533206701      -9.80000019    
  0.533606708      -9.80000019    
  0.534006715      -9.80000019    
  0.534406722      -9.80000019    
  0.534806728      -9.80000019    
  0.535206735      -9.80000019    
  0.535606742      -9.80000019    
  0.536006749      -9.80000019    
  0.536406755      -9.80000019    
  0.536806762      -9.80000019    
  0.537206769      -9.80000019    
  0.537606776      -9.80000019    
  0.538006783      -9.80000019    
  0.538406789      -9.80000019    
  0.538806796      -9.80000019    
  0.539206803      -9.80000019    
  0.539606810      -9.80000019    
  0.540006816      -9.80000019    
  0.540406823      -9.80000019    
  0.540806830      -9.80000019    
  0.541206837      -9.80000019    
  0.541606843      -9.80000019    
  0.542006850      -9.80000019    
  0.542406857      -9.80000019    
  0.542806864      -9.80000019    
  0.543206871      -9.80000019    
  0.543606877      -9.80000019    
  0.544006884      -9.80000019    
  0.544406891      -9.80000019    
  0.544806898      -9.80000019    
  0.545206904      -9.80000019    
  0.545606911      -9.80000019    
  0.546006918      -9.80000019    
  0.546406925      -9.80000019    
  0.546806931      -9.80000019    
  0.547206938      -9.80000019    
  0.547606945      -9.80000019    
  0.548006952      -9.80000019    
  0.548406959      -9.80000019    
  0.548806965      -9.80000019    
  0.549206972      -9.80000019    
  0.549606979      -9.80000019    
  0.550006986      -9.80000019    
  0.550406992      -9.80000019    
  0.550806999      -9.80000019    
  0.551207006      -9.80000019    
  0.551607013      -9.80000019    
  0.552007020      -9.80000019    
  0.552407026      -9.80000019    
  0.552807033      -9.80000019    
  0.553207040      -9.80000019    
  0.553607047      -9.80000019    
  0.554007053      -9.80000019    
  0.554407060      -9.80000019    
  0.554807067      -9.80000019    
  0.555207074      -9.80000019    
  0.555607080      -9.80000019    
  0.556007087      -9.80000019    
  0.556407094      -9.80000019    
  0.556807101      -9.80000019    
  0.557207108      -9.80000019    
  0.557607114      -9.80000019    
  0.558007121      -9.80000019    
  0.558407128      -9.80000019    
  0.558807135      -9.80000019    
  0.559207141      -9.80000019    
  0.559607148      -9.80000019    
  0.560007155      -9.80000019    
  0.560407162      -9.80000019    
  0.560807168      -9.80000019    
  0.561207175      -9.80000019    
  0.561607182      -9.80000019    
  0.562007189      -9.80000019    
  0.562407196      -9.80000019    
  0.562807202      -9.80000019    
  0.563207209      -9.80000019    
  0.563607216      -9.80000019    
  0.564007223      -9.80000019    
  0.564407229      -9.80000019    
  0.564807236      -9.80000019    
  0.565207243      -9.80000019    
  0.565607250      -9.80000019    
  0.566007257      -9.80000019    
  0.566407263      -9.80000019    
  0.566807270      -9.80000019    
  0.567207277      -9.80000019    
  0.567607284      -9.80000019    
  0.568007290      -9.80000019    
  0.568407297      -9.80000019    
  0.568807304      -9.80000019    
  0.569207311      -9.80000019    
  0.569607317      -9.80000019    
  0.570007324      -9.80000019    
  0.570407331      -9.80000019    
  0.570807338      -9.80000019    
  0.571207345      -9.80000019    
  0.571607351      -9.80000019    
  0.572007358      -9.80000019    
  0.572407365      -9.80000019    
  0.572807372      -9.80000019    
  0.573207378      -9.80000019    
  0.573607385      -9.80000019    
  0.574007392      -9.80000019    
  0.574407399      -9.80000019    
  0.574807405      -9.80000019    
  0.575207412      -9.80000019    
  0.575607419      -9.80000019    
  0.576007426      -9.80000019    
  0.576407433      -9.80000019    
  0.576807439      -9.80000019    
  0.577207446      -9.80000019    
  0.577607453      -9.80000019    
  0.578007460      -9.80000019    
  0.578407466      -9.80000019    
  0.578807473      -9.80000019    
  0.579207480      -9.80000019    
  0.579607487      -9.80000019    
  0.580007493      -9.80000019    
  0.580407500      -9.80000019    
  0.580807507      -9.80000019    
  0.581207514      -9.80000019    
  0.581607521      -9.80000019    
  0.582007527      -9.80000019    
  0.582407534      -9.80000019    
  0.582807541      -9.80000019    
  0.583207548      -9.80000019    
  0.583607554      -9.80000019    
  0.584007561      -9.80000019    
  0.584407568      -9.80000019    
  0.584807575      -9.80000019    
  0.585207582      -9.80000019    
  0.585607588      -9.80000019    
  0.586007595      -9.80000019    
  0.586407602      -9.80000019    
  0.586807609      -9.80000019    
  0.587207615      -9.80000019    
  0.587607622      -9.80000019    
  0.588007629      -9.80000019    
  0.588407636      -9.80000019    
  0.588807642      -9.80000019    
  0.589207649      -9.80000019    
  0.589607656      -9.80000019    
  0.590007663      -9.80000019    
  0.590407670      -9.80000019    
  0.590807676      -9.80000019    
  0.591207683      -9.80000019    
  0.591607690      -9.80000019    
  0.592007697      -9.80000019    
  0.592407703      -9.80000019    
  0.592807710      -9.80000019    
  0.593207717      -9.80000019    
  0.593607724      -9.80000019    
  0.594007730      -9.80000019    
  0.594407737      -9.80000019    
  0.594807744      -9.80000019    
  0.595207751      -9.80000019    
  0.595607758      -9.80000019    
  0.596007764      -9.80000019    
  0.596407771      -9.80000019    
  0.596807778      -9.80000019    
  0.597207785      -9.80000019    
  0.597607791      -9.80000019    
  0.598007798      -9.80000019    
  0.598407805      -9.80000019    
  0.598807812      -9.80000019    
  0.599207819      -9.80000019    
  0.599607825      -9.80000019    
  0.600007832      -9.80000019    
  0.600407839      -9.80000019    
  0.600807846      -9.80000019    
  0.601207852      -9.80000019    
  0.601607859      -9.80000019    
  0.602007866      -9.80000114    
  0.602407873      -9.80000019    
  0.602807879      -9.80000019    
  0.603207886      -9.80000019    
  0.603607893      -9.80000019    
  0.604007900      -9.80000019    
  0.604407907      -9.80000019    
  0.604807913      -9.80000019    
  0.605207920      -9.80000019    
  0.605607927      -9.80000019    
  0.606007934      -9.80000019    
  0.606407940      -9.80000019    
  0.606807947      -9.80000019    
  0.607207954      -9.80000019    
  0.607607961      -9.80000019    
  0.608007967      -9.80000019    
  0.608407974      -9.80000019    
  0.608807981      -9.80000019    
  0.609207988      -9.80000019    
  0.609607995      -9.80000019    
  0.610008001      -9.80000019    
  0.610408008      -9.80000019    
  0.610808015      -9.80000019    
  0.611208022      -9.80000019    
  0.611608028      -9.80000019    
  0.612008035      -9.80000019    
  0.612408042      -9.80000019    
  0.612808049      -9.80000019    
  0.613208055      -9.80000019    
  0.613608062      -9.80000019    
  0.614008069      -9.80000019    
  0.614408076      -9.80000019    
  0.614808083      -9.80000019    
  0.615208089      -9.80000019    
  0.615608096      -9.80000019    
  0.616008103      -9.80000019    
  0.616408110      -9.80000019    
  0.616808116      -9.80000019    
  0.617208123      -9.80000019    
  0.617608130      -9.80000019    
  0.618008137      -9.80000019    
  0.618408144      -9.80000019    
  0.618808150      -9.80000019    
  0.619208157      -9.80000019    
  0.619608164      -9.80000019    
  0.620008171      -9.80000019    
  0.620408177      -9.80000019    
  0.620808184      -9.80000019    
  0.621208191      -9.80000019    
  0.621608198      -9.80000019    
  0.622008204      -9.80000019    
  0.622408211      -9.80000019    
  0.622808218      -9.80000019    
  0.623208225      -9.80000019    
  0.623608232      -9.80000019    
  0.624008238      -9.80000019    
  0.624408245      -9.80000019    
  0.624808252      -9.80000019    
  0.625208259      -9.80000019    
  0.625608265      -9.80000019    
  0.626008272      -9.80000019    
  0.626408279      -9.80000019    
  0.626808286      -9.80000019    
  0.627208292      -9.80000019    
  0.627608299      -9.80000019    
  0.628008306      -9.80000019    
  0.628408313      -9.80000019    
  0.628808320      -9.80000019    
  0.629208326      -9.80000019    
  0.629608333      -9.80000019    
  0.630008340      -9.80000019    
  0.630408347      -9.80000019    
  0.630808353      -9.80000019    
  0.631208360      -9.80000019    
  0.631608367      -9.80000019    
  0.632008374      -9.80000019    
  0.632408381      -9.80000019    
  0.632808387      -9.80000019    
  0.633208394      -9.80000019    
  0.633608401      -9.80000019    
  0.634008408      -9.80000019    
  0.634408414      -9.80000019    
  0.634808421      -9.80000019    
  0.635208428      -9.80000019    
  0.635608435      -9.80000019    
  0.636008441      -9.80000019    
  0.636408448      -9.80000019    
  0.636808455      -9.80000019    
  0.637208462      -9.80000019    
  0.637608469      -9.80000019    
  0.638008475      -9.80000019    
  0.638408482      -9.80000019    
  0.638808489      -9.80000019    
  0.639208496      -9.80000019    
  0.639608502      -9.80000019    
  0.640008509      -9.80000019    
  0.640408516      -9.80000019    
  0.640808523      -9.80000019    
  0.641208529      -9.80000019    
  0.641608536      -9.80000019    
  0.642008543      -9.80000019    
  0.642408550      -9.80000019    
  0.642808557      -9.80000019    
  0.643208563      -9.80000019    
  0.643608570      -9.80000019    
  0.644008577      -9.80000019    
  0.644408584      -9.80000019    
  0.644808590      -9.80000019    
  0.645208597      -9.80000019    
  0.645608604      -9.80000019    
  0.646008611      -9.80000019    
  0.646408617      -9.80000019    
  0.646808624      -9.80000019    
  0.647208631      -9.80000019    
  0.647608638      -9.80000019    
  0.648008645      -9.80000019    
  0.648408651      -9.80000019    
  0.648808658      -9.80000019    
  0.649208665      -9.80000019    
  0.649608672      -9.80000019    
  0.650008678      -9.80000019    
  0.650408685      -9.80000019    
  0.650808692      -9.80000019    
  0.651208699      -9.80000019    
  0.651608706      -9.80000019    
  0.652008712      -9.80000019    
  0.652408719      -9.80000019    
  0.652808726      -9.80000019    
  0.653208733      -9.80000019    
  0.653608739      -9.80000019    
  0.654008746      -9.80000019    
  0.654408753      -9.80000019    
  0.654808760      -9.80000019    
  0.655208766      -9.80000019    
  0.655608773      -9.80000019    
  0.656008780      -9.80000019    
  0.656408787      -9.80000019    
  0.656808794      -9.80000019    
  0.657208800      -9.80000019    
  0.657608807      -9.80000019    
  0.658008814      -9.80000019    
  0.658408821      -9.80000019    
  0.658808827      -9.80000019    
  0.659208834      -9.80000019    
  0.659608841      -9.80000019    
  0.660008848      -9.80000019    
  0.660408854      -9.80000019    
  0.660808861      -9.80000019    
  0.661208868      -9.80000019    
  0.661608875      -9.80000019    
  0.662008882      -9.80000019    
  0.662408888      -9.80000019    
  0.662808895      -9.80000019    
  0.663208902      -9.80000019    
  0.663608909      -9.80000019    
  0.664008915      -9.80000019    
  0.664408922      -9.80000019    
  0.664808929      -9.80000019    
  0.665208936      -9.80000019    
  0.665608943      -9.80000019    
  0.666008949      -9.80000019    
  0.666408956      -9.80000019    
  0.666808963      -9.80000019    
  0.667208970      -9.80000019    
  0.667608976      -9.80000019    
  0.668008983      -9.80000114    
  0.668408990      -9.80000019    
  0.668808997      -9.80000019    
  0.669209003      -9.80000019    
  0.669609010      -9.80000019    
  0.670009017      -9.80000019    
  0.670409024      -9.80000114    
  0.670809031      -9.80000019    
  0.671209037      -9.80000019    
  0.671609044      -9.80000019    
  0.672009051      -9.80000019    
  0.672409058      -9.80000019    
  0.672809064      -9.80000019    
  0.673209071      -9.80000019    
  0.673609078      -9.80000019    
  0.674009085      -9.80000019    
  0.674409091      -9.80000019    
  0.674809098      -9.80000019    
  0.675209105      -9.80000019    
  0.675609112      -9.80000019    
  0.676009119      -9.80000019    
  0.676409125      -9.80000019    
  0.676809132      -9.80000019    
  0.677209139      -9.80000019    
  0.677609146      -9.80000019    
  0.678009152      -9.80000019    
  0.678409159      -9.80000019    
  0.678809166      -9.80000019    
  0.679209173      -9.80000019    
  0.679609179      -9.80000019    
  0.680009186      -9.80000019    
  0.680409193      -9.80000019    
  0.680809200      -9.80000019    
  0.681209207      -9.80000019    
  0.681609213      -9.80000019    
  0.682009220      -9.80000019    
  0.682409227      -9.80000019    
  0.682809234      -9.80000019    
  0.683209240      -9.80000019    
  0.683609247      -9.80000019    
  0.684009254      -9.80000019    
  0.684409261      -9.80000019    
  0.684809268      -9.80000019    
  0.685209274      -9.80000019    
  0.685609281      -9.80000019    
  0.686009288      -9.80000019    
  0.686409295      -9.80000019    
  0.686809301      -9.80000019    
  0.687209308      -9.80000019    
  0.687609315      -9.80000019    
  0.688009322      -9.80000019    
  0.688409328      -9.80000019    
  0.688809335      -9.80000019    
  0.689209342      -9.80000019    
  0.689609349      -9.80000019    
  0.690009356      -9.80000019    
  0.690409362      -9.80000019    
  0.690809369      -9.80000019    
  0.691209376      -9.80000019    
  0.691609383      -9.80000019    
  0.692009389      -9.80000019    
  0.692409396      -9.80000019    
  0.692809403      -9.80000019    
  0.693209410      -9.80000019    
  0.693609416      -9.80000019    
  0.694009423      -9.80000019    
  0.694409430      -9.80000019    
  0.694809437      -9.80000019    
  0.695209444      -9.80000019    
  0.695609450      -9.80000019    
  0.696009457      -9.80000019    
  0.696409464      -9.80000019    
  0.696809471      -9.80000019    
  0.697209477      -9.80000019    
  0.697609484      -9.80000019    
  0.698009491      -9.80000019    
  0.698409498      -9.80000019    
  0.698809505      -9.80000019    
  0.699209511      -9.80000019    
  0.699609518      -9.80000019    
  0.700009525      -9.80000019    
  0.700409532      -9.80000019    
  0.700809538      -9.80000019    
  0.701209545      -9.80000019    
  0.701609552      -9.80000019    
  0.702009559      -9.80000019    
  0.702409565      -9.80000019    
  0.702809572      -9.80000019    
  0.703209579      -9.80000019    
  0.703609586      -9.80000019    
  0.704009593      -9.80000019    
  0.704409599      -9.80000019    
  0.704809606      -9.80000019    
  0.705209613      -9.80000019    
  0.705609620      -9.80000019    
  0.706009626      -9.80000019    
  0.706409633      -9.80000019    
  0.706809640      -9.80000019    
  0.707209647      -9.80000019    
  0.707609653      -9.80000019    
  0.708009660      -9.80000019    
  0.708409667      -9.80000019    
  0.708809674      -9.80000019    
  0.709209681      -9.80000019    
  0.709609687      -9.80000019    
  0.710009694      -9.80000019    
  0.710409701      -9.80000019    
  0.710809708      -9.80000019    
  0.711209714      -9.80000019    
  0.711609721      -9.80000019    
  0.712009728      -9.80000019    
  0.712409735      -9.80000019    
  0.712809741      -9.80000019    
