   0.00000000       1.10078037    
   3.99999990E-04   1.10155916    
   7.99999980E-04   1.10233629    
   1.19999994E-03   1.10311198    
   1.59999996E-03   1.10388601    
   1.99999986E-03   1.10465860    
   2.39999988E-03   1.10542953    
   2.79999990E-03   1.10619891    
   3.19999992E-03   1.10696673    
   3.59999994E-03   1.10773289    
   3.99999972E-03   1.10849762    
   4.39999951E-03   1.10926068    
   4.79999930E-03   1.11002231    
   5.19999908E-03   1.11078215    
   5.59999887E-03   1.11154056    
   5.99999866E-03   1.11229730    
   6.39999844E-03   1.11305261    
   6.79999823E-03   1.11380625    
   7.19999801E-03   1.11455846    
   7.59999780E-03   1.11530900    
   7.99999759E-03   1.11605811    
   8.39999784E-03   1.11680543    
   8.79999809E-03   1.11755133    
   9.19999834E-03   1.11829555    
   9.59999859E-03   1.11903834    
   9.99999885E-03   1.11977947    
   1.03999991E-02   1.12051904    
   1.07999993E-02   1.12125707    
   1.11999996E-02   1.12199342    
   1.15999999E-02   1.12272835    
   1.20000001E-02   1.12346160    
   1.24000004E-02   1.12419343    
   1.28000006E-02   1.12492359    
   1.32000009E-02   1.12565219    
   1.36000011E-02   1.12637925    
   1.40000014E-02   1.12710464    
   1.44000016E-02   1.12782860    
   1.48000019E-02   1.12855089    
   1.52000021E-02   1.12927175    
   1.56000024E-02   1.12999082    
   1.60000026E-02   1.13070846    
   1.64000019E-02   1.13142443    
   1.68000013E-02   1.13213897    
   1.72000006E-02   1.13285184    
   1.75999999E-02   1.13356328    
   1.79999992E-02   1.13427305    
   1.83999985E-02   1.13498139    
   1.87999979E-02   1.13568795    
   1.91999972E-02   1.13639307    
   1.95999965E-02   1.13709652    
   1.99999958E-02   1.13779855    
   2.03999951E-02   1.13849890    
   2.07999945E-02   1.13919783    
   2.11999938E-02   1.13989496    
   2.15999931E-02   1.14059067    
   2.19999924E-02   1.14128470    
   2.23999918E-02   1.14197731    
   2.27999911E-02   1.14266825    
   2.31999904E-02   1.14335775    
   2.35999897E-02   1.14404559    
   2.39999890E-02   1.14473176    
   2.43999884E-02   1.14541650    
   2.47999877E-02   1.14609957    
   2.51999870E-02   1.14678121    
   2.55999863E-02   1.14746118    
   2.59999856E-02   1.14813972    
   2.63999850E-02   1.14881659    
   2.67999843E-02   1.14949179    
   2.71999836E-02   1.15016556    
   2.75999829E-02   1.15083766    
   2.79999822E-02   1.15150833    
   2.83999816E-02   1.15217733    
   2.87999809E-02   1.15284491    
   2.91999802E-02   1.15351069    
   2.95999795E-02   1.15417504    
   2.99999788E-02   1.15483773    
   3.03999782E-02   1.15549898    
   3.07999775E-02   1.15615857    
   3.11999768E-02   1.15681672    
   3.15999761E-02   1.15747309    
   3.19999754E-02   1.15812802    
   3.23999748E-02   1.15878129    
   3.27999741E-02   1.15943313    
   3.31999734E-02   1.16008329    
   3.35999727E-02   1.16073203    
   3.39999720E-02   1.16137910    
   3.43999714E-02   1.16202450    
   3.47999707E-02   1.16266847    
   3.51999700E-02   1.16331077    
   3.55999693E-02   1.16395164    
   3.59999686E-02   1.16459084    
   3.63999680E-02   1.16522861    
   3.67999673E-02   1.16586471    
   3.71999666E-02   1.16649914    
   3.75999659E-02   1.16713214    
   3.79999653E-02   1.16776347    
   3.83999646E-02   1.16839337    
   3.87999639E-02   1.16902161    
   3.91999632E-02   1.16964841    
   3.95999625E-02   1.17027342    
   3.99999619E-02   1.17089701    
   4.03999612E-02   1.17151892    
   4.07999605E-02   1.17213941    
   4.11999598E-02   1.17275822    
   4.15999591E-02   1.17337561    
   4.19999585E-02   1.17399120    
   4.23999578E-02   1.17460537    
   4.27999571E-02   1.17521787    
   4.31999564E-02   1.17582893    
   4.35999557E-02   1.17643833    
   4.39999551E-02   1.17704630    
   4.43999544E-02   1.17765260    
   4.47999537E-02   1.17825723    
   4.51999530E-02   1.17886043    
   4.55999523E-02   1.17946196    
   4.59999517E-02   1.18006206    
   4.63999510E-02   1.18066049    
   4.67999503E-02   1.18125749    
   4.71999496E-02   1.18185282    
   4.75999489E-02   1.18244648    
   4.79999483E-02   1.18303871    
   4.83999476E-02   1.18362927    
   4.87999469E-02   1.18421841    
   4.91999462E-02   1.18480587    
   4.95999455E-02   1.18539190    
   4.99999449E-02   1.18597615    
   5.03999442E-02   1.18655896    
   5.07999435E-02   1.18714011    
   5.11999428E-02   1.18771982    
   5.15999421E-02   1.18829787    
   5.19999415E-02   1.18887448    
   5.23999408E-02   1.18944931    
   5.27999401E-02   1.19002271    
   5.31999394E-02   1.19059443    
   5.35999388E-02   1.19116473    
   5.39999381E-02   1.19173336    
   5.43999374E-02   1.19230056    
   5.47999367E-02   1.19286609    
   5.51999360E-02   1.19342995    
   5.55999354E-02   1.19399238    
   5.59999347E-02   1.19455314    
   5.63999340E-02   1.19511247    
   5.67999333E-02   1.19567013    
   5.71999326E-02   1.19622636    
   5.75999320E-02   1.19678092    
   5.79999313E-02   1.19733381    
   5.83999306E-02   1.19788527    
   5.87999299E-02   1.19843507    
   5.91999292E-02   1.19898343    
   5.95999286E-02   1.19953012    
   5.99999279E-02   1.20007539    
   6.03999272E-02   1.20061886    
   6.07999265E-02   1.20116091    
   6.11999258E-02   1.20170128    
   6.15999252E-02   1.20224023    
   6.19999245E-02   1.20277750    
   6.23999238E-02   1.20331335    
   6.27999231E-02   1.20384741    
   6.31999224E-02   1.20438004    
   6.35999218E-02   1.20491099    
   6.39999211E-02   1.20544052    
   6.43999204E-02   1.20596838    
   6.47999197E-02   1.20649481    
   6.51999190E-02   1.20701957    
   6.55999184E-02   1.20754266    
   6.59999177E-02   1.20806432    
   6.63999170E-02   1.20858431    
   6.67999163E-02   1.20910287    
   6.71999156E-02   1.20961976    
   6.75999150E-02   1.21013522    
   6.79999143E-02   1.21064901    
   6.83999136E-02   1.21116114    
   6.87999129E-02   1.21167183    
   6.91999123E-02   1.21218085    
   6.95999116E-02   1.21268845    
   6.99999109E-02   1.21319437    
   7.03999102E-02   1.21369886    
   7.07999095E-02   1.21420169    
   7.11999089E-02   1.21470284    
   7.15999082E-02   1.21520257    
   7.19999075E-02   1.21570063    
   7.23999068E-02   1.21619725    
   7.27999061E-02   1.21669221    
   7.31999055E-02   1.21718574    
   7.35999048E-02   1.21767747    
   7.39999041E-02   1.21816778    
   7.43999034E-02   1.21865642    
   7.47999027E-02   1.21914363    
   7.51999021E-02   1.21962917    
   7.55999014E-02   1.22011328    
   7.59999007E-02   1.22059560    
   7.63999000E-02   1.22107649    
   7.67998993E-02   1.22155571    
   7.71998987E-02   1.22203350    
   7.75998980E-02   1.22250962    
   7.79998973E-02   1.22298431    
   7.83998966E-02   1.22345734    
   7.87998959E-02   1.22392869    
   7.91998953E-02   1.22439861    
   7.95998946E-02   1.22486687    
   7.99998939E-02   1.22533369    
   8.03998932E-02   1.22579885    
   8.07998925E-02   1.22626257    
   8.11998919E-02   1.22672462    
   8.15998912E-02   1.22718501    
   8.19998905E-02   1.22764397    
   8.23998898E-02   1.22810125    
   8.27998891E-02   1.22855711    
   8.31998885E-02   1.22901130    
   8.35998878E-02   1.22946405    
   8.39998871E-02   1.22991502    
   8.43998864E-02   1.23036456    
   8.47998857E-02   1.23081243    
   8.51998851E-02   1.23125887    
   8.55998844E-02   1.23170364    
   8.59998837E-02   1.23214698    
   8.63998830E-02   1.23258853    
   8.67998824E-02   1.23302865    
   8.71998817E-02   1.23346710    
   8.75998810E-02   1.23390412    
   8.79998803E-02   1.23433948    
   8.83998796E-02   1.23477340    
   8.87998790E-02   1.23520565    
   8.91998783E-02   1.23563623    
   8.95998776E-02   1.23606539    
   8.99998769E-02   1.23649287    
   9.03998762E-02   1.23691893    
   9.07998756E-02   1.23734331    
   9.11998749E-02   1.23776627    
   9.15998742E-02   1.23818755    
   9.19998735E-02   1.23860717    
   9.23998728E-02   1.23902535    
   9.27998722E-02   1.23944187    
   9.31998715E-02   1.23985696    
   9.35998708E-02   1.24027038    
   9.39998701E-02   1.24068236    
   9.43998694E-02   1.24109256    
   9.47998688E-02   1.24150133    
   9.51998681E-02   1.24190843    
   9.55998674E-02   1.24231410    
   9.59998667E-02   1.24271810    
   9.63998660E-02   1.24312067    
   9.67998654E-02   1.24352145    
   9.71998647E-02   1.24392080    
   9.75998640E-02   1.24431849    
   9.79998633E-02   1.24471474    
   9.83998626E-02   1.24510932    
   9.87998620E-02   1.24550247    
   9.91998613E-02   1.24589396    
   9.95998606E-02   1.24628377    
   9.99998599E-02   1.24667215    
  0.100399859       1.24705887    
  0.100799859       1.24744415    
  0.101199858       1.24782777    
  0.101599857       1.24820995    
  0.101999857       1.24859047    
  0.102399856       1.24896932    
  0.102799855       1.24934673    
  0.103199854       1.24972248    
  0.103599854       1.25009680    
  0.103999853       1.25046945    
  0.104399852       1.25084066    
  0.104799852       1.25121009    
  0.105199851       1.25157809    
  0.105599850       1.25194442    
  0.105999850       1.25230932    
  0.106399849       1.25267255    
  0.106799848       1.25303435    
  0.107199848       1.25339437    
  0.107599847       1.25375295    
  0.107999846       1.25410986    
  0.108399846       1.25446534    
  0.108799845       1.25481915    
  0.109199844       1.25517154    
  0.109599844       1.25552225    
  0.109999843       1.25587130    
  0.110399842       1.25621891    
  0.110799842       1.25656486    
  0.111199841       1.25690937    
  0.111599840       1.25725222    
  0.111999840       1.25759363    
  0.112399839       1.25793338    
  0.112799838       1.25827146    
  0.113199838       1.25860810    
  0.113599837       1.25894308    
  0.113999836       1.25927663    
  0.114399835       1.25960851    
  0.114799835       1.25993896    
  0.115199834       1.26026762    
  0.115599833       1.26059484    
  0.115999833       1.26092041    
  0.116399832       1.26124454    
  0.116799831       1.26156700    
  0.117199831       1.26188803    
  0.117599830       1.26220727    
  0.117999829       1.26252508    
  0.118399829       1.26284122    
  0.118799828       1.26315594    
  0.119199827       1.26346898    
  0.119599827       1.26378059    
  0.119999826       1.26409054    
  0.120399825       1.26439881    
  0.120799825       1.26470566    
  0.121199824       1.26501083    
  0.121599823       1.26531458    
  0.121999823       1.26561666    
  0.122399822       1.26591730    
  0.122799821       1.26621628    
  0.123199821       1.26651359    
  0.123599820       1.26680946    
  0.123999819       1.26710367    
  0.124399818       1.26739645    
  0.124799818       1.26768756    
  0.125199825       1.26797724    
  0.125599831       1.26826525    
  0.125999838       1.26855159    
  0.126399845       1.26883650    
  0.126799852       1.26911974    
  0.127199858       1.26940155    
  0.127599865       1.26968169    
  0.127999872       1.26996040    
  0.128399879       1.27023733    
  0.128799886       1.27051282    
  0.129199892       1.27078664    
  0.129599899       1.27105904    
  0.129999906       1.27132976    
  0.130399913       1.27159905    
  0.130799919       1.27186656    
  0.131199926       1.27213264    
  0.131599933       1.27239704    
  0.131999940       1.27266002    
  0.132399946       1.27292132    
  0.132799953       1.27318120    
  0.133199960       1.27343941    
  0.133599967       1.27369595    
  0.133999974       1.27395105    
  0.134399980       1.27420449    
  0.134799987       1.27445650    
  0.135199994       1.27470684    
  0.135600001       1.27495575    
  0.136000007       1.27520299    
  0.136400014       1.27544856    
  0.136800021       1.27569270    
  0.137200028       1.27593517    
  0.137600034       1.27617621    
  0.138000041       1.27641559    
  0.138400048       1.27665353    
  0.138800055       1.27688968    
  0.139200062       1.27712440    
  0.139600068       1.27735746    
  0.140000075       1.27758908    
  0.140400082       1.27781904    
  0.140800089       1.27804756    
  0.141200095       1.27827430    
  0.141600102       1.27849960    
  0.142000109       1.27872324    
  0.142400116       1.27894545    
  0.142800122       1.27916598    
  0.143200129       1.27938509    
  0.143600136       1.27960253    
  0.144000143       1.27981830    
  0.144400150       1.28003263    
  0.144800156       1.28024530    
  0.145200163       1.28045654    
  0.145600170       1.28066611    
  0.146000177       1.28087425    
  0.146400183       1.28108072    
  0.146800190       1.28128552    
  0.147200197       1.28148890    
  0.147600204       1.28169060    
  0.148000211       1.28189087    
  0.148400217       1.28208947    
  0.148800224       1.28228664    
  0.149200231       1.28248203    
  0.149600238       1.28267598    
  0.150000244       1.28286827    
  0.150400251       1.28305912    
  0.150800258       1.28324831    
  0.151200265       1.28343606    
  0.151600271       1.28362203    
  0.152000278       1.28380656    
  0.152400285       1.28398943    
  0.152800292       1.28417087    
  0.153200299       1.28435063    
  0.153600305       1.28452897    
  0.154000312       1.28470564    
  0.154400319       1.28488064    
  0.154800326       1.28505421    
  0.155200332       1.28522611    
  0.155600339       1.28539658    
  0.156000346       1.28556538    
  0.156400353       1.28573275    
  0.156800359       1.28589845    
  0.157200366       1.28606248    
  0.157600373       1.28622508    
  0.158000380       1.28638601    
  0.158400387       1.28654552    
  0.158800393       1.28670335    
  0.159200400       1.28685975    
  0.159600407       1.28701437    
  0.160000414       1.28716755    
  0.160400420       1.28731906    
  0.160800427       1.28746915    
  0.161200434       1.28761756    
  0.161600441       1.28776455    
  0.162000448       1.28790975    
  0.162400454       1.28805351    
  0.162800461       1.28819561    
  0.163200468       1.28833628    
  0.163600475       1.28847528    
  0.164000481       1.28861284    
  0.164400488       1.28874874    
  0.164800495       1.28888297    
  0.165200502       1.28901577    
  0.165600508       1.28914690    
  0.166000515       1.28927660    
  0.166400522       1.28940463    
  0.166800529       1.28953123    
  0.167200536       1.28965616    
  0.167600542       1.28977942    
  0.168000549       1.28990126    
  0.168400556       1.29002142    
  0.168800563       1.29014015    
  0.169200569       1.29025722    
  0.169600576       1.29037285    
  0.170000583       1.29048669    
  0.170400590       1.29059911    
  0.170800596       1.29070985    
  0.171200603       1.29081917    
  0.171600610       1.29092681    
  0.172000617       1.29103303    
  0.172400624       1.29113746    
  0.172800630       1.29124045    
  0.173200637       1.29134178    
  0.173600644       1.29144168    
  0.174000651       1.29153991    
  0.174400657       1.29163671    
  0.174800664       1.29173183    
  0.175200671       1.29182529    
  0.175600678       1.29191732    
  0.176000684       1.29200768    
  0.176400691       1.29209661    
  0.176800698       1.29218388    
  0.177200705       1.29226971    
  0.177600712       1.29235387    
  0.178000718       1.29243636    
  0.178400725       1.29251742    
  0.178800732       1.29259682    
  0.179200739       1.29267478    
  0.179600745       1.29275107    
  0.180000752       1.29282594    
  0.180400759       1.29289901    
  0.180800766       1.29297066    
  0.181200773       1.29304063    
  0.181600779       1.29310918    
  0.182000786       1.29317605    
  0.182400793       1.29324150    
  0.182800800       1.29330516    
  0.183200806       1.29336739    
  0.183600813       1.29342794    
  0.184000820       1.29348707    
  0.184400827       1.29354453    
  0.184800833       1.29360056    
  0.185200840       1.29365492    
  0.185600847       1.29370785    
  0.186000854       1.29375899    
  0.186400861       1.29380870    
  0.186800867       1.29385674    
  0.187200874       1.29390335    
  0.187600881       1.29394829    
  0.188000888       1.29399168    
  0.188400894       1.29403353    
  0.188800901       1.29407370    
  0.189200908       1.29411244    
  0.189600915       1.29414952    
  0.190000921       1.29418516    
  0.190400928       1.29421914    
  0.190800935       1.29425156    
  0.191200942       1.29428244    
  0.191600949       1.29431164    
  0.192000955       1.29433942    
  0.192400962       1.29436553    
  0.192800969       1.29439020    
  0.193200976       1.29441309    
  0.193600982       1.29443455    
  0.194000989       1.29445434    
  0.194400996       1.29447269    
  0.194801003       1.29448938    
  0.195201010       1.29450464    
  0.195601016       1.29451823    
  0.196001023       1.29453039    
  0.196401030       1.29454076    
  0.196801037       1.29454970    
  0.197201043       1.29455698    
  0.197601050       1.29456282    
  0.198001057       1.29456699    
  0.198401064       1.29456961    
  0.198801070       1.29457068    
  0.199201077       1.29457009    
  0.199601084       1.29456806    
  0.200001091       1.29456437    
  0.200401098       1.29455924    
  0.200801104       1.29455245    
  0.201201111       1.29454410    
  0.201601118       1.29453421    
  0.202001125       1.29452264    
  0.202401131       1.29450965    
  0.202801138       1.29449499    
  0.203201145       1.29447889    
  0.203601152       1.29446101    
  0.204001158       1.29444170    
  0.204401165       1.29442072    
  0.204801172       1.29439831    
  0.205201179       1.29437423    
  0.205601186       1.29434872    
  0.206001192       1.29432154    
  0.206401199       1.29429293    
  0.206801206       1.29426253    
  0.207201213       1.29423070    
  0.207601219       1.29419720    
  0.208001226       1.29416227    
  0.208401233       1.29412568    
  0.208801240       1.29408753    
  0.209201247       1.29404783    
  0.209601253       1.29400647    
  0.210001260       1.29396367    
  0.210401267       1.29391921    
  0.210801274       1.29387331    
  0.211201280       1.29382575    
  0.211601287       1.29377663    
  0.212001294       1.29372597    
  0.212401301       1.29367363    
  0.212801307       1.29361987    
  0.213201314       1.29356444    
  0.213601321       1.29350758    
  0.214001328       1.29344893    
  0.214401335       1.29338884    
  0.214801341       1.29332709    
  0.215201348       1.29326391    
  0.215601355       1.29319906    
  0.216001362       1.29313278    
  0.216401368       1.29306483    
  0.216801375       1.29299545    
  0.217201382       1.29292428    
  0.217601389       1.29285169    
  0.218001395       1.29277742    
  0.218401402       1.29270172    
  0.218801409       1.29262435    
  0.219201416       1.29254544    
  0.219601423       1.29246497    
  0.220001429       1.29238284    
  0.220401436       1.29229927    
  0.220801443       1.29221404    
  0.221201450       1.29212737    
  0.221601456       1.29203904    
  0.222001463       1.29194915    
  0.222401470       1.29185772    
  0.222801477       1.29176462    
  0.223201483       1.29167008    
  0.223601490       1.29157388    
  0.224001497       1.29147625    
  0.224401504       1.29137683    
  0.224801511       1.29127598    
  0.225201517       1.29117346    
  0.225601524       1.29106951    
  0.226001531       1.29096389    
  0.226401538       1.29085684    
  0.226801544       1.29074812    
  0.227201551       1.29063797    
  0.227601558       1.29052603    
  0.228001565       1.29041266    
  0.228401572       1.29029763    
  0.228801578       1.29018116    
  0.229201585       1.29006302    
  0.229601592       1.28994334    
  0.230001599       1.28982210    
  0.230401605       1.28969920    
  0.230801612       1.28957486    
  0.231201619       1.28944886    
  0.231601626       1.28932142    
  0.232001632       1.28919232    
  0.232401639       1.28906167    
  0.232801646       1.28892946    
  0.233201653       1.28879559    
  0.233601660       1.28866029    
  0.234001666       1.28852332    
  0.234401673       1.28838491    
  0.234801680       1.28824472    
  0.235201687       1.28810310    
  0.235601693       1.28795981    
  0.236001700       1.28781509    
  0.236401707       1.28766870    
  0.236801714       1.28752089    
  0.237201720       1.28737140    
  0.237601727       1.28722048    
  0.238001734       1.28706777    
  0.238401741       1.28691363    
  0.238801748       1.28675783    
  0.239201754       1.28660059    
  0.239601761       1.28644168    
  0.240001768       1.28628123    
  0.240401775       1.28611922    
  0.240801781       1.28595555    
  0.241201788       1.28579044    
  0.241601795       1.28562367    
  0.242001802       1.28545547    
  0.242401809       1.28528559    
  0.242801815       1.28511417    
  0.243201822       1.28494120    
  0.243601829       1.28476655    
  0.244001836       1.28459048    
  0.244401842       1.28441274    
  0.244801849       1.28423357    
  0.245201856       1.28405273    
  0.245601863       1.28387034    
  0.246001869       1.28368640    
  0.246401876       1.28350079    
  0.246801883       1.28331375    
  0.247201890       1.28312504    
  0.247601897       1.28293490    
  0.248001903       1.28274298    
  0.248401910       1.28254962    
  0.248801917       1.28235459    
  0.249201924       1.28215814    
  0.249601930       1.28196001    
  0.250001937       1.28176045    
  0.250401944       1.28155923    
  0.250801951       1.28135657    
  0.251201957       1.28115213    
  0.251601964       1.28094625    
  0.252001971       1.28073871    
  0.252401978       1.28052974    
  0.252801985       1.28031909    
  0.253201991       1.28010690    
  0.253601998       1.27989316    
  0.254002005       1.27967775    
  0.254402012       1.27946091    
  0.254802018       1.27924240    
  0.255202025       1.27902246    
  0.255602032       1.27880085    
  0.256002039       1.27857769    
  0.256402045       1.27835298    
  0.256802052       1.27812660    
  0.257202059       1.27789879    
  0.257602066       1.27766931    
  0.258002073       1.27743840    
  0.258402079       1.27720571    
  0.258802086       1.27697158    
  0.259202093       1.27673578    
  0.259602100       1.27649856    
  0.260002106       1.27625966    
  0.260402113       1.27601933    
  0.260802120       1.27577734    
  0.261202127       1.27553391    
  0.261602134       1.27528870    
  0.262002140       1.27504206    
  0.262402147       1.27479374    
  0.262802154       1.27454400    
  0.263202161       1.27429259    
  0.263602167       1.27403963    
  0.264002174       1.27378511    
  0.264402181       1.27352893    
  0.264802188       1.27327132    
  0.265202194       1.27301204    
  0.265602201       1.27275133    
  0.266002208       1.27248895    
  0.266402215       1.27222502    
  0.266802222       1.27195954    
  0.267202228       1.27169240    
  0.267602235       1.27142382    
  0.268002242       1.27115357    
  0.268402249       1.27088189    
  0.268802255       1.27060843    
  0.269202262       1.27033353    
  0.269602269       1.27005696    
  0.270002276       1.26977897    
  0.270402282       1.26949930    
  0.270802289       1.26921821    
  0.271202296       1.26893544    
  0.271602303       1.26865125    
  0.272002310       1.26836526    
  0.272402316       1.26807785    
  0.272802323       1.26778877    
  0.273202330       1.26749825    
  0.273602337       1.26720607    
  0.274002343       1.26691234    
  0.274402350       1.26661706    
  0.274802357       1.26632011    
  0.275202364       1.26602173    
  0.275602371       1.26572168    
  0.276002377       1.26542020    
  0.276402384       1.26511705    
  0.276802391       1.26481235    
  0.277202398       1.26450610    
  0.277602404       1.26419818    
  0.278002411       1.26388884    
  0.278402418       1.26357782    
  0.278802425       1.26326537    
  0.279202431       1.26295114    
  0.279602438       1.26263547    
  0.280002445       1.26231813    
  0.280402452       1.26199937    
  0.280802459       1.26167893    
  0.281202465       1.26135707    
  0.281602472       1.26103354    
  0.282002479       1.26070857    
  0.282402486       1.26038182    
  0.282802492       1.26005363    
  0.283202499       1.25972378    
  0.283602506       1.25939250    
  0.284002513       1.25905955    
  0.284402519       1.25872505    
  0.284802526       1.25838900    
  0.285202533       1.25805128    
  0.285602540       1.25771213    
  0.286002547       1.25737131    
  0.286402553       1.25702906    
  0.286802560       1.25668514    
  0.287202567       1.25633967    
  0.287602574       1.25599265    
  0.288002580       1.25564396    
  0.288402587       1.25529385    
  0.288802594       1.25494206    
  0.289202601       1.25458884    
  0.289602607       1.25423384    
  0.290002614       1.25387740    
  0.290402621       1.25351930    
  0.290802628       1.25315976    
  0.291202635       1.25279856    
  0.291602641       1.25243592    
  0.292002648       1.25207162    
  0.292402655       1.25170588    
  0.292802662       1.25133836    
  0.293202668       1.25096941    
  0.293602675       1.25059879    
  0.294002682       1.25022674    
  0.294402689       1.24985301    
  0.294802696       1.24947774    
  0.295202702       1.24910092    
  0.295602709       1.24872243    
  0.296002716       1.24834251    
  0.296402723       1.24796093    
  0.296802729       1.24757791    
  0.297202736       1.24719322    
  0.297602743       1.24680698    
  0.298002750       1.24641919    
  0.298402756       1.24602973    
  0.298802763       1.24563885    
  0.299202770       1.24524629    
  0.299602777       1.24485230    
  0.300002784       1.24445653    
  0.300402790       1.24405932    
  0.300802797       1.24366045    
  0.301202804       1.24326015    
  0.301602811       1.24285817    
  0.302002817       1.24245477    
  0.302402824       1.24204969    
  0.302802831       1.24164319    
  0.303202838       1.24123490    
  0.303602844       1.24082518    
  0.304002851       1.24041378    
  0.304402858       1.24000096    
  0.304802865       1.23958647    
  0.305202872       1.23917043    
  0.305602878       1.23875284    
  0.306002885       1.23833358    
  0.306402892       1.23791289    
  0.306802899       1.23749053    
  0.307202905       1.23706675    
  0.307602912       1.23664129    
  0.308002919       1.23621428    
  0.308402926       1.23578572    
  0.308802933       1.23535550    
  0.309202939       1.23492384    
  0.309602946       1.23449051    
  0.310002953       1.23405576    
  0.310402960       1.23361933    
  0.310802966       1.23318136    
  0.311202973       1.23274183    
  0.311602980       1.23230064    
  0.312002987       1.23185802    
  0.312402993       1.23141372    
  0.312803000       1.23096800    
  0.313203007       1.23052049    
  0.313603014       1.23007154    
  0.314003021       1.22962093    
  0.314403027       1.22916889    
  0.314803034       1.22871518    
  0.315203041       1.22826004    
  0.315603048       1.22780323    
  0.316003054       1.22734499    
  0.316403061       1.22688496    
  0.316803068       1.22642350    
  0.317203075       1.22596037    
  0.317603081       1.22549582    
  0.318003088       1.22502959    
  0.318403095       1.22456181    
  0.318803102       1.22409248    
  0.319203109       1.22362149    
  0.319603115       1.22314906    
  0.320003122       1.22267497    
  0.320403129       1.22219944    
  0.320803136       1.22172225    
  0.321203142       1.22124350    
  0.321603149       1.22076321    
  0.322003156       1.22028124    
  0.322403163       1.21979785    
  0.322803169       1.21931279    
  0.323203176       1.21882629    
  0.323603183       1.21833801    
  0.324003190       1.21784830    
  0.324403197       1.21735692    
  0.324803203       1.21686411    
  0.325203210       1.21636963    
  0.325603217       1.21587372    
  0.326003224       1.21537614    
  0.326403230       1.21487713    
  0.326803237       1.21437633    
  0.327203244       1.21387410    
  0.327603251       1.21337020    
  0.328003258       1.21286488    
  0.328403264       1.21235788    
  0.328803271       1.21184933    
  0.329203278       1.21133924    
  0.329603285       1.21082747    
  0.330003291       1.21031427    
  0.330403298       1.20979941    
  0.330803305       1.20928311    
  0.331203312       1.20876515    
  0.331603318       1.20824564    
  0.332003325       1.20772457    
  0.332403332       1.20720184    
  0.332803339       1.20667768    
  0.333203346       1.20615184    
  0.333603352       1.20562458    
  0.334003359       1.20509553    
  0.334403366       1.20456505    
  0.334803373       1.20403290    
  0.335203379       1.20349932    
  0.335603386       1.20296407    
  0.336003393       1.20242739    
  0.336403400       1.20188904    
  0.336803406       1.20134926    
  0.337203413       1.20080769    
  0.337603420       1.20026469    
  0.338003427       1.19972003    
  0.338403434       1.19917393    
  0.338803440       1.19862616    
  0.339203447       1.19807684    
  0.339603454       1.19752598    
  0.340003461       1.19697344    
  0.340403467       1.19641948    
  0.340803474       1.19586384    
  0.341203481       1.19530678    
  0.341603488       1.19474804    
  0.342003495       1.19418776    
  0.342403501       1.19362593    
  0.342803508       1.19306242    
  0.343203515       1.19249749    
  0.343603522       1.19193089    
  0.344003528       1.19136286    
  0.344403535       1.19079304    
  0.344803542       1.19022179    
  0.345203549       1.18964887    
  0.345603555       1.18907452    
  0.346003562       1.18849850    
  0.346403569       1.18792105    
  0.346803576       1.18734193    
  0.347203583       1.18676138    
  0.347603589       1.18617904    
  0.348003596       1.18559527    
  0.348403603       1.18500984    
  0.348803610       1.18442297    
  0.349203616       1.18383443    
  0.349603623       1.18324435    
  0.350003630       1.18265271    
  0.350403637       1.18205941    
  0.350803643       1.18146467    
  0.351203650       1.18086827    
  0.351603657       1.18027043    
  0.352003664       1.17967093    
  0.352403671       1.17906988    
  0.352803677       1.17846727    
  0.353203684       1.17786300    
  0.353603691       1.17725730    
  0.354003698       1.17664993    
  0.354403704       1.17604113    
  0.354803711       1.17543054    
  0.355203718       1.17481852    
  0.355603725       1.17420483    
  0.356003731       1.17358971    
  0.356403738       1.17297292    
  0.356803745       1.17235470    
  0.357203752       1.17173481    
  0.357603759       1.17111349    
  0.358003765       1.17049038    
  0.358403772       1.16986585    
  0.358803779       1.16923964    
  0.359203786       1.16861200    
  0.359603792       1.16798270    
  0.360003799       1.16735196    
  0.360403806       1.16671944    
  0.360803813       1.16608548    
  0.361203820       1.16544986    
  0.361603826       1.16481280    
  0.362003833       1.16417408    
  0.362403840       1.16353393    
  0.362803847       1.16289210    
  0.363203853       1.16224861    
  0.363603860       1.16160369    
  0.364003867       1.16095710    
  0.364403874       1.16030908    
  0.364803880       1.15965939    
  0.365203887       1.15900826    
  0.365603894       1.15835547    
  0.366003901       1.15770102    
  0.366403908       1.15704513    
  0.366803914       1.15638757    
  0.367203921       1.15572858    
  0.367603928       1.15506792    
  0.368003935       1.15440583    
  0.368403941       1.15374196    
  0.368803948       1.15307665    
  0.369203955       1.15240967    
  0.369603962       1.15174127    
  0.370003968       1.15107119    
  0.370403975       1.15039968    
  0.370803982       1.14972639    
  0.371203989       1.14905167    
  0.371603996       1.14837527    
  0.372004002       1.14769745    
  0.372404009       1.14701796    
  0.372804016       1.14633703    
  0.373204023       1.14565444    
  0.373604029       1.14497018    
  0.374004036       1.14428449    
  0.374404043       1.14359713    
  0.374804050       1.14290833    
  0.375204057       1.14221787    
  0.375604063       1.14152598    
  0.376004070       1.14083242    
  0.376404077       1.14013720    
  0.376804084       1.13944054    
  0.377204090       1.13874221    
  0.377604097       1.13804245    
  0.378004104       1.13734102    
  0.378404111       1.13663816    
  0.378804117       1.13593352    
  0.379204124       1.13522744    
  0.379604131       1.13451970    
  0.380004138       1.13381052    
  0.380404145       1.13309968    
  0.380804151       1.13238740    
  0.381204158       1.13167334    
  0.381604165       1.13095784    
  0.382004172       1.13024068    
  0.382404178       1.12952209    
  0.382804185       1.12880182    
  0.383204192       1.12808013    
  0.383604199       1.12735677    
  0.384004205       1.12663174    
  0.384404212       1.12590528    
  0.384804219       1.12517715    
  0.385204226       1.12444758    
  0.385604233       1.12371635    
  0.386004239       1.12298369    
  0.386404246       1.12224936    
  0.386804253       1.12151337    
  0.387204260       1.12077594    
  0.387604266       1.12003684    
  0.388004273       1.11929631    
  0.388404280       1.11855412    
  0.388804287       1.11781049    
  0.389204293       1.11706507    
  0.389604300       1.11631823    
  0.390004307       1.11556971    
  0.390404314       1.11481977    
  0.390804321       1.11406815    
  0.391204327       1.11331511    
  0.391604334       1.11256027    
  0.392004341       1.11180401    
  0.392404348       1.11104608    
  0.392804354       1.11028671    
  0.393204361       1.10952568    
  0.393604368       1.10876322    
  0.394004375       1.10799909    
  0.394404382       1.10723329    
  0.394804388       1.10646605    
  0.395204395       1.10569715    
  0.395604402       1.10492682    
  0.396004409       1.10415483    
  0.396404415       1.10338140    
  0.396804422       1.10260630    
  0.397204429       1.10182953    
  0.397604436       1.10105133    
  0.398004442       1.10027146    
  0.398404449       1.09949017    
  0.398804456       1.09870720    
  0.399204463       1.09792280    
  0.399604470       1.09713662    
  0.400004476       1.09634900    
  0.400404483       1.09555972    
  0.400804490       1.09476900    
  0.401204497       1.09397662    
  0.401604503       1.09318280    
  0.402004510       1.09238720    
  0.402404517       1.09159017    
  0.402804524       1.09079146    
  0.403204530       1.08999133    
  0.403604537       1.08918953    
  0.404004544       1.08838630    
  0.404404551       1.08758140    
  0.404804558       1.08677506    
  0.405204564       1.08596694    
  0.405604571       1.08515739    
  0.406004578       1.08434618    
  0.406404585       1.08353353    
  0.406804591       1.08271921    
  0.407204598       1.08190334    
  0.407604605       1.08108592    
  0.408004612       1.08026683    
  0.408404619       1.07944632    
  0.408804625       1.07862413    
  0.409204632       1.07780051    
  0.409604639       1.07697523    
  0.410004646       1.07614839    
  0.410404652       1.07532001    
  0.410804659       1.07448995    
  0.411204666       1.07365847    
  0.411604673       1.07282531    
  0.412004679       1.07199073    
  0.412404686       1.07115436    
  0.412804693       1.07031655    
  0.413204700       1.06947708    
  0.413604707       1.06863618    
  0.414004713       1.06779361    
  0.414404720       1.06694961    
  0.414804727       1.06610394    
  0.415204734       1.06525683    
  0.415604740       1.06440794    
  0.416004747       1.06355762    
  0.416404754       1.06270564    
  0.416804761       1.06185222    
  0.417204767       1.06099713    
  0.417604774       1.06014049    
  0.418004781       1.05928230    
  0.418404788       1.05842245    
  0.418804795       1.05756116    
  0.419204801       1.05669820    
  0.419604808       1.05583382    
  0.420004815       1.05496776    
  0.420404822       1.05410016    
  0.420804828       1.05323100    
  0.421204835       1.05236018    
  0.421604842       1.05148792    
  0.422004849       1.05061400    
  0.422404855       1.04973865    
  0.422804862       1.04886150    
  0.423204869       1.04798293    
  0.423604876       1.04710269    
  0.424004883       1.04622102    
  0.424404889       1.04533768    
  0.424804896       1.04445291    
  0.425204903       1.04356647    
  0.425604910       1.04267859    
  0.426004916       1.04178894    
  0.426404923       1.04089785    
  0.426804930       1.04000509    
  0.427204937       1.03911090    
  0.427604944       1.03821504    
  0.428004950       1.03731763    
  0.428404957       1.03641868    
  0.428804964       1.03551805    
  0.429204971       1.03461599    
  0.429604977       1.03371227    
  0.430004984       1.03280711    
  0.430404991       1.03190029    
  0.430804998       1.03099191    
  0.431205004       1.03008199    
  0.431605011       1.02917039    
  0.432005018       1.02825737    
  0.432405025       1.02734268    
  0.432805032       1.02642655    
  0.433205038       1.02550864    
  0.433605045       1.02458930    
  0.434005052       1.02366829    
  0.434405059       1.02274585    
  0.434805065       1.02182174    
  0.435205072       1.02089620    
  0.435605079       1.01996899    
  0.436005086       1.01904035    
  0.436405092       1.01810992    
  0.436805099       1.01717806    
  0.437205106       1.01624453    
  0.437605113       1.01530957    
  0.438005120       1.01437294    
  0.438405126       1.01343477    
  0.438805133       1.01249504    
  0.439205140       1.01155365    
  0.439605147       1.01061082    
  0.440005153       1.00966632    
  0.440405160       1.00872040    
  0.440805167       1.00777280    
  0.441205174       1.00682366    
  0.441605181       1.00587296    
  0.442005187       1.00492060    
  0.442405194       1.00396681    
  0.442805201       1.00301135    
  0.443205208       1.00205445    
  0.443605214       1.00109577    
  0.444005221       1.00013566    
  0.444405228      0.999173999    
  0.444805235      0.998210669    
  0.445205241      0.997245908    
  0.445605248      0.996279478    
  0.446005255      0.995311499    
  0.446405262      0.994341969    
  0.446805269      0.993370891    
  0.447205275      0.992398143    
  0.447605282      0.991423965    
  0.448005289      0.990448117    
  0.448405296      0.989470780    
  0.448805302      0.988491833    
  0.449205309      0.987511337    
  0.449605316      0.986529231    
  0.450005323      0.985545635    
  0.450405329      0.984560370    
  0.450805336      0.983573616    
  0.451205343      0.982585251    
  0.451605350      0.981595337    
  0.452005357      0.980603814    
  0.452405363      0.979610801    
  0.452805370      0.978616118    
  0.453205377      0.977620006    
  0.453605384      0.976622224    
  0.454005390      0.975622892    
  0.454405397      0.974622011    
  0.454805404      0.973619580    
  0.455205411      0.972615480    
  0.455605417      0.971609950    
  0.456005424      0.970602751    
  0.456405431      0.969594002    
  0.456805438      0.968583703    
  0.457205445      0.967571855    
  0.457605451      0.966558337    
  0.458005458      0.965543389    
  0.458405465      0.964526772    
  0.458805472      0.963508666    
  0.459205478      0.962488949    
  0.459605485      0.961467683    
  0.460005492      0.960444808    
  0.460405499      0.959420443    
  0.460805506      0.958394408    
  0.461205512      0.957366884    
  0.461605519      0.956337750    
  0.462005526      0.955307066    
  0.462405533      0.954274774    
  0.462805539      0.953240991    
  0.463205546      0.952205539    
  0.463605553      0.951168656    
  0.464005560      0.950130105    
  0.464405566      0.949090004    
  0.464805573      0.948048353    
  0.465205580      0.947005153    
  0.465605587      0.945960283    
  0.466005594      0.944913983    
  0.466405600      0.943866014    
  0.466805607      0.942816496    
  0.467205614      0.941765428    
  0.467605621      0.940712810    
  0.468005627      0.939658523    
  0.468405634      0.938602805    
  0.468805641      0.937545419    
  0.469205648      0.936486542    
  0.469605654      0.935426056    
  0.470005661      0.934364021    
  0.470405668      0.933300376    
  0.470805675      0.932235241    
  0.471205682      0.931168437    
  0.471605688      0.930100143    
  0.472005695      0.929030240    
  0.472405702      0.927958786    
  0.472805709      0.926885724    
  0.473205715      0.925811172    
  0.473605722      0.924734950    
  0.474005729      0.923657298    
  0.474405736      0.922577977    
  0.474805743      0.921497107    
  0.475205749      0.920414686    
  0.475605756      0.919330716    
  0.476005763      0.918245077    
  0.476405770      0.917158008    
  0.476805776      0.916069269    
  0.477205783      0.914978981    
  0.477605790      0.913887143    
  0.478005797      0.912793756    
  0.478405803      0.911698699    
  0.478805810      0.910602212    
  0.479205817      0.909504056    
  0.479605824      0.908404410    
  0.480005831      0.907303154    
  0.480405837      0.906200349    
  0.480805844      0.905095935    
  0.481205851      0.903990030    
  0.481605858      0.902882457    
  0.482005864      0.901773393    
  0.482405871      0.900662720    
  0.482805878      0.899550498    
  0.483205885      0.898436666    
  0.483605891      0.897321343    
  0.484005898      0.896204352    
  0.484405905      0.895085931    
  0.484805912      0.893965840    
  0.485205919      0.892844200    
  0.485605925      0.891721010    
  0.486005932      0.890596271    
  0.486405939      0.889469862    
  0.486805946      0.888342023    
  0.487205952      0.887212515    
  0.487605959      0.886081457    
  0.488005966      0.884948850    
  0.488405973      0.883814692    
  0.488805979      0.882678866    
  0.489205986      0.881541610    
  0.489605993      0.880402684    
  0.490006000      0.879262269    
  0.490406007      0.878120244    
  0.490806013      0.876976669    
  0.491206020      0.875831485    
  0.491606027      0.874684811    
  0.492006034      0.873536468    
  0.492406040      0.872386634    
  0.492806047      0.871235192    
  0.493206054      0.870082200    
  0.493606061      0.868927598    
  0.494006068      0.867771506    
  0.494406074      0.866613746    
  0.494806081      0.865454555    
  0.495206088      0.864293694    
  0.495606095      0.863131285    
  0.496006101      0.861967325    
  0.496406108      0.860801816    
  0.496806115      0.859634638    
  0.497206122      0.858466029    
  0.497606128      0.857295752    
  0.498006135      0.856123924    
  0.498406142      0.854950547    
  0.498806149      0.853775620    
  0.499206156      0.852599144    
  0.499606162      0.851420999    
  0.500006139      0.850241423    
  0.500406146      0.849060178    
  0.500806153      0.847877383    
  0.501206160      0.846693039    
  0.501606166      0.845507145    
  0.502006173      0.844319582    
  0.502406180      0.843130589    
  0.502806187      0.841939926    
  0.503206193      0.840747714    
  0.503606200      0.839553952    
  0.504006207      0.838358641    
  0.504406214      0.837161779    
  0.504806221      0.835963249    
  0.505206227      0.834763288    
  0.505606234      0.833561659    
  0.506006241      0.832358479    
  0.506406248      0.831153750    
  0.506806254      0.829947472    
  0.507206261      0.828739524    
  0.507606268      0.827530146    
  0.508006275      0.826319098    
  0.508406281      0.825106502    
  0.508806288      0.823892355    
  0.509206295      0.822676659    
  0.509606302      0.821459413    
  0.510006309      0.820240498    
  0.510406315      0.819020152    
  0.510806322      0.817798138    
  0.511206329      0.816574574    
  0.511606336      0.815349460    
  0.512006342      0.814122796    
  0.512406349      0.812894464    
  0.512806356      0.811664701    
  0.513206363      0.810433269    
  0.513606369      0.809200287    
  0.514006376      0.807965755    
  0.514406383      0.806729674    
  0.514806390      0.805492043    
  0.515206397      0.804252744    
  0.515606403      0.803012013    
  0.516006410      0.801769614    
  0.516406417      0.800525665    
  0.516806424      0.799280167    
  0.517206430      0.798033118    
  0.517606437      0.796784401    
  0.518006444      0.795534253    
  0.518406451      0.794282436    
  0.518806458      0.793029070    
  0.519206464      0.791774154    
  0.519606471      0.790517688    
  0.520006478      0.789259672    
  0.520406485      0.787999988    
  0.520806491      0.786738873    
  0.521206498      0.785476089    
  0.521606505      0.784211755    
  0.522006512      0.782945871    
  0.522406518      0.781678438    
  0.522806525      0.780409336    
  0.523206532      0.779138803    
  0.523606539      0.777866602    
  0.524006546      0.776592851    
  0.524406552      0.775317550    
  0.524806559      0.774040699    
  0.525206566      0.772762299    
  0.525606573      0.771482229    
  0.526006579      0.770200729    
  0.526406586      0.768917561    
  0.526806593      0.767632842    
  0.527206600      0.766346574    
  0.527606606      0.765058756    
  0.528006613      0.763769269    
  0.528406620      0.762478352    
  0.528806627      0.761185765    
  0.529206634      0.759891629    
  0.529606640      0.758595943    
  0.530006647      0.757298708    
  0.530406654      0.755999923    
  0.530806661      0.754699469    
  0.531206667      0.753397584    
  0.531606674      0.752094030    
  0.532006681      0.750788927    
  0.532406688      0.749482274    
  0.532806695      0.748174071    
  0.533206701      0.746864200    
  0.533606708      0.745552897    
  0.534006715      0.744239926    
  0.534406722      0.742925406    
  0.534806728      0.741609335    
  0.535206735      0.740291715    
  0.535606742      0.738972545    
  0.536006749      0.737651706    
  0.536406755      0.736329436    
  0.536806762      0.735005498    
  0.537206769      0.733680010    
  0.537606776      0.732352972    
  0.538006783      0.731024384    
  0.538406789      0.729694128    
  0.538806796      0.728362441    
  0.539206803      0.727029085    
  0.539606810      0.725694180    
  0.540006816      0.724357724    
  0.540406823      0.723019719    
  0.540806830      0.721680164    
  0.541206837      0.720338941    
  0.541606843      0.718996286    
  0.542006850      0.717651963    
  0.542406857      0.716306090    
  0.542806864      0.714958668    
  0.543206871      0.713609695    
  0.543606877      0.712259054    
  0.544006884      0.710906982    
  0.544406891      0.709553242    
  0.544806898      0.708197951    
  0.545206904      0.706841111    
  0.545606911      0.705482721    
  0.546006918      0.704122782    
  0.546406925      0.702761173    
  0.546806931      0.701398134    
  0.547206938      0.700033426    
  0.547606945      0.698667169    
  0.548006952      0.697299361    
  0.548406959      0.695930004    
  0.548806965      0.694558978    
  0.549206972      0.693186522    
  0.549606979      0.691812396    
  0.550006986      0.690436721    
  0.550406992      0.689059496    
  0.550806999      0.687680721    
  0.551207006      0.686300397    
  0.551607013      0.684918404    
  0.552007020      0.683534980    
  0.552407026      0.682149887    
  0.552807033      0.680763245    
  0.553207040      0.679375052    
  0.553607047      0.677985311    
  0.554007053      0.676593900    
  0.554407060      0.675201058    
  0.554807067      0.673806548    
  0.555207074      0.672410488    
  0.555607080      0.671012878    
  0.556007087      0.669613719    
  0.556407094      0.668213010    
  0.556807101      0.666810632    
  0.557207108      0.665406823    
  0.557607114      0.664001346    
  0.558007121      0.662594318    
  0.558407128      0.661185741    
  0.558807135      0.659775615    
  0.559207141      0.658363819    
  0.559607148      0.656950593    
  0.560007155      0.655535698    
  0.560407162      0.654119313    
  0.560807168      0.652701318    
  0.561207175      0.651281774    
  0.561607182      0.649860620    
  0.562007189      0.648437977    
  0.562407196      0.647013664    
  0.562807202      0.645587862    
  0.563207209      0.644160450    
  0.563607216      0.642731488    
  0.564007223      0.641300917    
  0.564407229      0.639868855    
  0.564807236      0.638435125    
  0.565207243      0.636999965    
  0.565607250      0.635563135    
  0.566007257      0.634124756    
  0.566407263      0.632684827    
  0.566807270      0.631243348    
  0.567207277      0.629800200    
  0.567607284      0.628355622    
  0.568007290      0.626909375    
  0.568407297      0.625461578    
  0.568807304      0.624012232    
  0.569207311      0.622561336    
  0.569607317      0.621108770    
  0.570007324      0.619654775    
  0.570407331      0.618199110    
  0.570807338      0.616741955    
  0.571207345      0.615283191    
  0.571607351      0.613822877    
  0.572007358      0.612360954    
  0.572407365      0.610897541    
  0.572807372      0.609432459    
  0.573207378      0.607965887    
  0.573607385      0.606497705    
  0.574007392      0.605027974    
  0.574407399      0.603556633    
  0.574807405      0.602083802    
  0.575207412      0.600609303    
  0.575607419      0.599133372    
  0.576007426      0.597655773    
  0.576407433      0.596176624    
  0.576807439      0.594695926    
  0.577207446      0.593213677    
  0.577607453      0.591729760    
  0.578007460      0.590244412    
  0.578407466      0.588757396    
  0.578807473      0.587268829    
  0.579207480      0.585778713    
  0.579607487      0.584287047    
  0.580007493      0.582793713    
  0.580407500      0.581298947    
  0.580807507      0.579802513    
  0.581207514      0.578304589    
  0.581607521      0.576805055    
  0.582007527      0.575303972    
  0.582407534      0.573801279    
  0.582807541      0.572297096    
  0.583207548      0.570791245    
  0.583607554      0.569283903    
  0.584007561      0.567774951    
  0.584407568      0.566264451    
  0.584807575      0.564752340    
  0.585207582      0.563238740    
  0.585607588      0.561723471    
  0.586007595      0.560206771    
  0.586407602      0.558688402    
  0.586807609      0.557168484    
  0.587207615      0.555647016    
  0.587607622      0.554123998    
  0.588007629      0.552599311    
  0.588407636      0.551073194    
  0.588807642      0.549545407    
  0.589207649      0.548016071    
  0.589607656      0.546485186    
  0.590007663      0.544952750    
  0.590407670      0.543418646    
  0.590807676      0.541883111    
  0.591207683      0.540345907    
  0.591607690      0.538807213    
  0.592007697      0.537266910    
  0.592407703      0.535725057    
  0.592807710      0.534181595    
  0.593207717      0.532636642    
  0.593607724      0.531090021    
  0.594007730      0.529541910    
  0.594407737      0.527992189    
  0.594807744      0.526440918    
  0.595207751      0.524888039    
  0.595607758      0.523333669    
  0.596007764      0.521777630    
  0.596407771      0.520220160    
  0.596807778      0.518661022    
  0.597207785      0.517100334    
  0.597607791      0.515538096    
  0.598007798      0.513974309    
  0.598407805      0.512408853    
  0.598807812      0.510841966    
  0.599207819      0.509273410    
  0.599607825      0.507703304    
  0.600007832      0.506131649    
  0.600407839      0.504558444    
  0.600807846      0.502983570    
  0.601207852      0.501407266    
  0.601607859      0.499829292    
  0.602007866      0.498249799    
  0.602407873      0.496668726    
  0.602807879      0.495086074    
  0.603207886      0.493501902    
  0.603607893      0.491916120    
  0.604007900      0.490328789    
  0.604407907      0.488739848    
  0.604807913      0.487149388    
  0.605207920      0.485557348    
  0.605607927      0.483963728    
  0.606007934      0.482368559    
  0.606407940      0.480771810    
  0.606807947      0.479173481    
  0.607207954      0.477573633    
  0.607607961      0.475972176    
  0.608007967      0.474369168    
  0.608407974      0.472764552    
  0.608807981      0.471158415    
  0.609207988      0.469550669    
  0.609607995      0.467941403    
  0.610008001      0.466330528    
  0.610408008      0.464718103    
  0.610808015      0.463104129    
  0.611208022      0.461488545    
  0.611608028      0.459871411    
  0.612008035      0.458252728    
  0.612408042      0.456632435    
  0.612808049      0.455010623    
  0.613208055      0.453387201    
  0.613608062      0.451762259    
  0.614008069      0.450135708    
  0.614408076      0.448507607    
  0.614808083      0.446877897    
  0.615208089      0.445246667    
  0.615608096      0.443613857    
  0.616008103      0.441979468    
  0.616408110      0.440343529    
  0.616808116      0.438706011    
  0.617208123      0.437066913    
  0.617608130      0.435426295    
  0.618008137      0.433784068    
  0.618408144      0.432140291    
  0.618808150      0.430494905    
  0.619208157      0.428847998    
  0.619608164      0.427199483    
  0.620008171      0.425549448    
  0.620408177      0.423897803    
  0.620808184      0.422244608    
  0.621208191      0.420589864    
  0.621608198      0.418933511    
  0.622008204      0.417275608    
  0.622408211      0.415616155    
  0.622808218      0.413955092    
  0.623208225      0.412292510    
  0.623608232      0.410628319    
  0.624008238      0.408962607    
  0.624408245      0.407295287    
  0.624808252      0.405626416    
  0.625208259      0.403955936    
  0.625608265      0.402283937    
  0.626008272      0.400610358    
  0.626408279      0.398935199    
  0.626808286      0.397258490    
  0.627208292      0.395580202    
  0.627608299      0.393900335    
  0.628008306      0.392218947    
  0.628408313      0.390535951    
  0.628808320      0.388851404    
  0.629208326      0.387165248    
  0.629608333      0.385477573    
  0.630008340      0.383788288    
  0.630408347      0.382097483    
  0.630808353      0.380405068    
  0.631208360      0.378711104    
  0.631608367      0.377015591    
  0.632008374      0.375318468    
  0.632408381      0.373619795    
  0.632808387      0.371919572    
  0.633208394      0.370217741    
  0.633608401      0.368514389    
  0.634008408      0.366809428    
  0.634408414      0.365102947    
  0.634808421      0.363394856    
  0.635208428      0.361685216    
  0.635608435      0.359973967    
  0.636008441      0.358261198    
  0.636408448      0.356546849    
  0.636808455      0.354830921    
  0.637208462      0.353113443    
  0.637608469      0.351394385    
  0.638008475      0.349673748    
  0.638408482      0.347951591    
  0.638808489      0.346227825    
  0.639208496      0.344502509    
  0.639608502      0.342775583    
  0.640008509      0.341047138    
  0.640408516      0.339317113    
  0.640808523      0.337585509    
  0.641208529      0.335852355    
  0.641608536      0.334117621    
  0.642008543      0.332381308    
  0.642408550      0.330643445    
  0.642808557      0.328904003    
  0.643208563      0.327162981    
  0.643608570      0.325420439    
  0.644008577      0.323676288    
  0.644408584      0.321930587    
  0.644808590      0.320183277    
  0.645208597      0.318434447    
  0.645608604      0.316684037    
  0.646008611      0.314932048    
  0.646408617      0.313178509    
  0.646808624      0.311423391    
  0.647208631      0.309666693    
  0.647608638      0.307908446    
  0.648008645      0.306148618    
  0.648408651      0.304387212    
  0.648808658      0.302624285    
  0.649208665      0.300859749    
  0.649608672      0.299093664    
  0.650008678      0.297325969    
  0.650408685      0.295556754    
  0.650808692      0.293785959    
  0.651208699      0.292013586    
  0.651608706      0.290239662    
  0.652008712      0.288464159    
  0.652408719      0.286687076    
  0.652808726      0.284908444    
  0.653208733      0.283128232    
  0.653608739      0.281346440    
  0.654008746      0.279563129    
  0.654408753      0.277778208    
  0.654808760      0.275991738    
  0.655208766      0.274203658    
  0.655608773      0.272414058    
  0.656008780      0.270622879    
  0.656408787      0.268830121    
  0.656808794      0.267035812    
  0.657208800      0.265239924    
  0.657608807      0.263442457    
  0.658008814      0.261643440    
  0.658408821      0.259842843    
  0.658808827      0.258040667    
  0.659208834      0.256236970    
  0.659608841      0.254431665    
  0.660008848      0.252624810    
  0.660408854      0.250816345    
  0.660808861      0.249006361    
  0.661208868      0.247194797    
  0.661608875      0.245381653    
  0.662008882      0.243566960    
  0.662408888      0.241750687    
  0.662808895      0.239932835    
  0.663208902      0.238113433    
  0.663608909      0.236292452    
  0.664008915      0.234469920    
  0.664408922      0.232645810    
  0.664808929      0.230820119    
  0.665208936      0.228992879    
  0.665608943      0.227164060    
  0.666008949      0.225333676    
  0.666408956      0.223501712    
  0.666808963      0.221668199    
  0.667208970      0.219833106    
  0.667608976      0.217996448    
  0.668008983      0.216158226    
  0.668408990      0.214318424    
  0.668808997      0.212477073    
  0.669209003      0.210634142    
  0.669609010      0.208789647    
  0.670009017      0.206943586    
  0.670409024      0.205095947    
  0.670809031      0.203246757    
  0.671209037      0.201395988    
  0.671609044      0.199543655    
  0.672009051      0.197689742    
  0.672409058      0.195834279    
  0.672809064      0.193977237    
  0.673209071      0.192118615    
  0.673609078      0.190258443    
  0.674009085      0.188396692    
  0.674409091      0.186533391    
  0.674809098      0.184668511    
  0.675209105      0.182802051    
  0.675609112      0.180934042    
  0.676009119      0.179064453    
  0.676409125      0.177193299    
  0.676809132      0.175320566    
  0.677209139      0.173446283    
  0.677609146      0.171570420    
  0.678009152      0.169693008    
  0.678409159      0.167814016    
  0.678809166      0.165933460    
  0.679209173      0.164051324    
  0.679609179      0.162167639    
  0.680009186      0.160282373    
  0.680409193      0.158395529    
  0.680809200      0.156507134    
  0.681209207      0.154617161    
  0.681609213      0.152725622    
  0.682009220      0.150832504    
  0.682409227      0.148937836    
  0.682809234      0.147041589    
  0.683209240      0.145143792    
  0.683609247      0.143244416    
  0.684009254      0.141343474    
  0.684409261      0.139440954    
  0.684809268      0.137536883    
  0.685209274      0.135631233    
  0.685609281      0.133724004    
  0.686009288      0.131815225    
  0.686409295      0.129904866    
  0.686809301      0.127992943    
  0.687209308      0.126079440    
  0.687609315      0.124164388    
  0.688009322      0.122247763    
  0.688409328      0.120329574    
  0.688809335      0.118409812    
  0.689209342      0.116488479    
  0.689609349      0.114565581    
  0.690009356      0.112641111    
  0.690409362      0.110715076    
  0.690809369      0.108787477    
  0.691209376      0.106858306    
  0.691609383      0.104927570    
  0.692009389      0.102995262    
  0.692409396      0.101061389    
  0.692809403       9.91259441E-02
  0.693209410       9.71889347E-02
  0.693609416       9.52503532E-02
  0.694009423       9.33102071E-02
  0.694409430       9.13684964E-02
  0.694809437       8.94252136E-02
  0.695209444       8.74803662E-02
  0.695609450       8.55339468E-02
  0.696009457       8.35859552E-02
  0.696409464       8.16363990E-02
  0.696809471       7.96852782E-02
  0.697209477       7.77325928E-02
  0.697609484       7.57783353E-02
  0.698009491       7.38225058E-02
  0.698409498       7.18651116E-02
  0.698809505       6.99061453E-02
  0.699209511       6.79456145E-02
  0.699609518       6.59835190E-02
  0.700009525       6.40198514E-02
  0.700409532       6.20546192E-02
  0.700809538       6.00878149E-02
  0.701209545       5.81194460E-02
  0.701609552       5.61495051E-02
  0.702009559       5.41779995E-02
  0.702409565       5.22049218E-02
  0.702809572       5.02302796E-02
  0.703209579       4.82540652E-02
  0.703609586       4.62762862E-02
  0.704009593       4.42969427E-02
  0.704409599       4.23160270E-02
  0.704809606       4.03335467E-02
  0.705209613       3.83494943E-02
  0.705609620       3.63638774E-02
  0.706009626       3.43766883E-02
  0.706409633       3.23879346E-02
  0.706809640       3.03976089E-02
  0.707209647       2.84057166E-02
  0.707609653       2.64122561E-02
  0.708009660       2.44172290E-02
  0.708409667       2.24206336E-02
  0.708809674       2.04224698E-02
  0.709209681       1.84227377E-02
  0.709609687       1.64214391E-02
  0.710009694       1.44185703E-02
  0.710409701       1.24141350E-02
  0.710809708       1.04081314E-02
  0.711209714       8.40055943E-03
  0.711609721       6.39141910E-03
  0.712009728       4.38071135E-03
  0.712409735       2.36843526E-03
  0.712809741       3.54591408E-04
