   0.00000000       1.94891381    
   3.99999990E-04   1.94499385    
   7.99999980E-04   1.94107389    
   1.19999994E-03   1.93715394    
   1.59999996E-03   1.93323398    
   1.99999986E-03   1.92931402    
   2.39999988E-03   1.92539406    
   2.79999990E-03   1.92147410    
   3.19999992E-03   1.91755414    
   3.59999994E-03   1.91363418    
   3.99999972E-03   1.90971422    
   4.39999951E-03   1.90579426    
   4.79999930E-03   1.90187430    
   5.19999908E-03   1.89795434    
   5.59999887E-03   1.89403439    
   5.99999866E-03   1.89011443    
   6.39999844E-03   1.88619447    
   6.79999823E-03   1.88227451    
   7.19999801E-03   1.87835455    
   7.59999780E-03   1.87443459    
   7.99999759E-03   1.87051463    
   8.39999784E-03   1.86659467    
   8.79999809E-03   1.86267471    
   9.19999834E-03   1.85875475    
   9.59999859E-03   1.85483479    
   9.99999885E-03   1.85091484    
   1.03999991E-02   1.84699488    
   1.07999993E-02   1.84307492    
   1.11999996E-02   1.83915496    
   1.15999999E-02   1.83523500    
   1.20000001E-02   1.83131504    
   1.24000004E-02   1.82739508    
   1.28000006E-02   1.82347512    
   1.32000009E-02   1.81955516    
   1.36000011E-02   1.81563520    
   1.40000014E-02   1.81171525    
   1.44000016E-02   1.80779529    
   1.48000019E-02   1.80387533    
   1.52000021E-02   1.79995537    
   1.56000024E-02   1.79603541    
   1.60000026E-02   1.79211545    
   1.64000019E-02   1.78819549    
   1.68000013E-02   1.78427553    
   1.72000006E-02   1.78035557    
   1.75999999E-02   1.77643561    
   1.79999992E-02   1.77251565    
   1.83999985E-02   1.76859570    
   1.87999979E-02   1.76467574    
   1.91999972E-02   1.76075578    
   1.95999965E-02   1.75683582    
   1.99999958E-02   1.75291586    
   2.03999951E-02   1.74899590    
   2.07999945E-02   1.74507594    
   2.11999938E-02   1.74115598    
   2.15999931E-02   1.73723602    
   2.19999924E-02   1.73331606    
   2.23999918E-02   1.72939610    
   2.27999911E-02   1.72547615    
   2.31999904E-02   1.72155619    
   2.35999897E-02   1.71763623    
   2.39999890E-02   1.71371627    
   2.43999884E-02   1.70979631    
   2.47999877E-02   1.70587635    
   2.51999870E-02   1.70195639    
   2.55999863E-02   1.69803643    
   2.59999856E-02   1.69411647    
   2.63999850E-02   1.69019651    
   2.67999843E-02   1.68627656    
   2.71999836E-02   1.68235660    
   2.75999829E-02   1.67843664    
   2.79999822E-02   1.67451668    
   2.83999816E-02   1.67059672    
   2.87999809E-02   1.66667676    
   2.91999802E-02   1.66275680    
   2.95999795E-02   1.65883684    
   2.99999788E-02   1.65491688    
   3.03999782E-02   1.65099692    
   3.07999775E-02   1.64707696    
   3.11999768E-02   1.64315701    
   3.15999761E-02   1.63923705    
   3.19999754E-02   1.63531709    
   3.23999748E-02   1.63139713    
   3.27999741E-02   1.62747717    
   3.31999734E-02   1.62355721    
   3.35999727E-02   1.61963725    
   3.39999720E-02   1.61571729    
   3.43999714E-02   1.61179733    
   3.47999707E-02   1.60787737    
   3.51999700E-02   1.60395741    
   3.55999693E-02   1.60003746    
   3.59999686E-02   1.59611750    
   3.63999680E-02   1.59219754    
   3.67999673E-02   1.58827758    
   3.71999666E-02   1.58435762    
   3.75999659E-02   1.58043766    
   3.79999653E-02   1.57651770    
   3.83999646E-02   1.57259774    
   3.87999639E-02   1.56867778    
   3.91999632E-02   1.56475782    
   3.95999625E-02   1.56083786    
   3.99999619E-02   1.55691791    
   4.03999612E-02   1.55299795    
   4.07999605E-02   1.54907799    
   4.11999598E-02   1.54515803    
   4.15999591E-02   1.54123807    
   4.19999585E-02   1.53731811    
   4.23999578E-02   1.53339815    
   4.27999571E-02   1.52947819    
   4.31999564E-02   1.52555823    
   4.35999557E-02   1.52163827    
   4.39999551E-02   1.51771832    
   4.43999544E-02   1.51379836    
   4.47999537E-02   1.50987840    
   4.51999530E-02   1.50595844    
   4.55999523E-02   1.50203848    
   4.59999517E-02   1.49811852    
   4.63999510E-02   1.49419856    
   4.67999503E-02   1.49027860    
   4.71999496E-02   1.48635864    
   4.75999489E-02   1.48243868    
   4.79999483E-02   1.47851872    
   4.83999476E-02   1.47459877    
   4.87999469E-02   1.47067881    
   4.91999462E-02   1.46675885    
   4.95999455E-02   1.46283889    
   4.99999449E-02   1.45891893    
   5.03999442E-02   1.45499897    
   5.07999435E-02   1.45107901    
   5.11999428E-02   1.44715905    
   5.15999421E-02   1.44323909    
   5.19999415E-02   1.43931913    
   5.23999408E-02   1.43539917    
   5.27999401E-02   1.43147922    
   5.31999394E-02   1.42755926    
   5.35999388E-02   1.42363930    
   5.39999381E-02   1.41971934    
   5.43999374E-02   1.41579938    
   5.47999367E-02   1.41187942    
   5.51999360E-02   1.40795946    
   5.55999354E-02   1.40403950    
   5.59999347E-02   1.40011954    
   5.63999340E-02   1.39619958    
   5.67999333E-02   1.39227962    
   5.71999326E-02   1.38835967    
   5.75999320E-02   1.38443971    
   5.79999313E-02   1.38051975    
   5.83999306E-02   1.37659979    
   5.87999299E-02   1.37267983    
   5.91999292E-02   1.36875987    
   5.95999286E-02   1.36483991    
   5.99999279E-02   1.36091995    
   6.03999272E-02   1.35699999    
   6.07999265E-02   1.35308003    
   6.11999258E-02   1.34916008    
   6.15999252E-02   1.34524012    
   6.19999245E-02   1.34132016    
   6.23999238E-02   1.33740020    
   6.27999231E-02   1.33348024    
   6.31999224E-02   1.32956028    
   6.35999218E-02   1.32564032    
   6.39999211E-02   1.32172036    
   6.43999204E-02   1.31780040    
   6.47999197E-02   1.31388044    
   6.51999190E-02   1.30996048    
   6.55999184E-02   1.30604053    
   6.59999177E-02   1.30212057    
   6.63999170E-02   1.29820061    
   6.67999163E-02   1.29428065    
   6.71999156E-02   1.29036069    
   6.75999150E-02   1.28644073    
   6.79999143E-02   1.28252077    
   6.83999136E-02   1.27860081    
   6.87999129E-02   1.27468085    
   6.91999123E-02   1.27076089    
   6.95999116E-02   1.26684093    
   6.99999109E-02   1.26292098    
   7.03999102E-02   1.25900102    
   7.07999095E-02   1.25508106    
   7.11999089E-02   1.25116110    
   7.15999082E-02   1.24724114    
   7.19999075E-02   1.24332118    
   7.23999068E-02   1.23940122    
   7.27999061E-02   1.23548126    
   7.31999055E-02   1.23156130    
   7.35999048E-02   1.22764134    
   7.39999041E-02   1.22372139    
   7.43999034E-02   1.21980143    
   7.47999027E-02   1.21588147    
   7.51999021E-02   1.21196151    
   7.55999014E-02   1.20804155    
   7.59999007E-02   1.20412159    
   7.63999000E-02   1.20020163    
   7.67998993E-02   1.19628167    
   7.71998987E-02   1.19236171    
   7.75998980E-02   1.18844175    
   7.79998973E-02   1.18452179    
   7.83998966E-02   1.18060184    
   7.87998959E-02   1.17668188    
   7.91998953E-02   1.17276192    
   7.95998946E-02   1.16884196    
   7.99998939E-02   1.16492200    
   8.03998932E-02   1.16100204    
   8.07998925E-02   1.15708208    
   8.11998919E-02   1.15316212    
   8.15998912E-02   1.14924216    
   8.19998905E-02   1.14532220    
   8.23998898E-02   1.14140224    
   8.27998891E-02   1.13748229    
   8.31998885E-02   1.13356233    
   8.35998878E-02   1.12964237    
   8.39998871E-02   1.12572241    
   8.43998864E-02   1.12180245    
   8.47998857E-02   1.11788249    
   8.51998851E-02   1.11396253    
   8.55998844E-02   1.11004257    
   8.59998837E-02   1.10612261    
   8.63998830E-02   1.10220265    
   8.67998824E-02   1.09828269    
   8.71998817E-02   1.09436274    
   8.75998810E-02   1.09044278    
   8.79998803E-02   1.08652282    
   8.83998796E-02   1.08260286    
   8.87998790E-02   1.07868290    
   8.91998783E-02   1.07476294    
   8.95998776E-02   1.07084298    
   8.99998769E-02   1.06692302    
   9.03998762E-02   1.06300306    
   9.07998756E-02   1.05908310    
   9.11998749E-02   1.05516315    
   9.15998742E-02   1.05124319    
   9.19998735E-02   1.04732323    
   9.23998728E-02   1.04340327    
   9.27998722E-02   1.03948331    
   9.31998715E-02   1.03556335    
   9.35998708E-02   1.03164339    
   9.39998701E-02   1.02772343    
   9.43998694E-02   1.02380347    
   9.47998688E-02   1.01988351    
   9.51998681E-02   1.01596355    
   9.55998674E-02   1.01204360    
   9.59998667E-02   1.00812364    
   9.63998660E-02   1.00420368    
   9.67998654E-02   1.00028372    
   9.71998647E-02  0.996363699    
   9.75998640E-02  0.992443681    
   9.79998633E-02  0.988523662    
   9.83998626E-02  0.984603643    
   9.87998620E-02  0.980683625    
   9.91998613E-02  0.976763606    
   9.95998606E-02  0.972843587    
   9.99998599E-02  0.968923569    
  0.100399859      0.965003550    
  0.100799859      0.961083531    
  0.101199858      0.957163513    
  0.101599857      0.953243494    
  0.101999857      0.949323475    
  0.102399856      0.945403457    
  0.102799855      0.941483438    
  0.103199854      0.937563419    
  0.103599854      0.933643401    
  0.103999853      0.929723382    
  0.104399852      0.925803363    
  0.104799852      0.921883345    
  0.105199851      0.917963326    
  0.105599850      0.914043307    
  0.105999850      0.910123289    
  0.106399849      0.906203270    
  0.106799848      0.902283251    
  0.107199848      0.898363233    
  0.107599847      0.894443214    
  0.107999846      0.890523195    
  0.108399846      0.886603177    
  0.108799845      0.882683158    
  0.109199844      0.878763139    
  0.109599844      0.874843121    
  0.109999843      0.870923102    
  0.110399842      0.867003083    
  0.110799842      0.863083065    
  0.111199841      0.859163046    
  0.111599840      0.855243027    
  0.111999840      0.851323009    
  0.112399839      0.847402990    
  0.112799838      0.843482971    
  0.113199838      0.839562953    
  0.113599837      0.835642934    
  0.113999836      0.831722915    
  0.114399835      0.827802896    
  0.114799835      0.823882878    
  0.115199834      0.819962859    
  0.115599833      0.816042840    
  0.115999833      0.812122822    
  0.116399832      0.808202803    
  0.116799831      0.804282784    
  0.117199831      0.800362766    
  0.117599830      0.796442747    
  0.117999829      0.792522728    
  0.118399829      0.788602710    
  0.118799828      0.784682691    
  0.119199827      0.780762672    
  0.119599827      0.776842654    
  0.119999826      0.772922635    
  0.120399825      0.769002616    
  0.120799825      0.765082598    
  0.121199824      0.761162579    
  0.121599823      0.757242560    
  0.121999823      0.753322542    
  0.122399822      0.749402523    
  0.122799821      0.745482504    
  0.123199821      0.741562486    
  0.123599820      0.737642467    
  0.123999819      0.733722448    
  0.124399818      0.729802430    
  0.124799818      0.725882411    
  0.125199825      0.721962392    
  0.125599831      0.718042374    
  0.125999838      0.714122355    
  0.126399845      0.710202336    
  0.126799852      0.706282318    
  0.127199858      0.702362299    
  0.127599865      0.698442280    
  0.127999872      0.694522262    
  0.128399879      0.690602243    
  0.128799886      0.686682224    
  0.129199892      0.682762206    
  0.129599899      0.678842187    
  0.129999906      0.674922168    
  0.130399913      0.671002150    
  0.130799919      0.667082131    
  0.131199926      0.663162112    
  0.131599933      0.659242094    
  0.131999940      0.655322075    
  0.132399946      0.651402056    
  0.132799953      0.647482038    
  0.133199960      0.643562019    
  0.133599967      0.639642000    
  0.133999974      0.635721982    
  0.134399980      0.631801963    
  0.134799987      0.627881944    
  0.135199994      0.623961926    
  0.135600001      0.620041907    
  0.136000007      0.616121888    
  0.136400014      0.612201869    
  0.136800021      0.608281851    
  0.137200028      0.604361832    
  0.137600034      0.600441813    
  0.138000041      0.596521795    
  0.138400048      0.592601776    
  0.138800055      0.588681757    
  0.139200062      0.584761739    
  0.139600068      0.580841720    
  0.140000075      0.576921701    
  0.140400082      0.573001683    
  0.140800089      0.569081664    
  0.141200095      0.565161645    
  0.141600102      0.561241627    
  0.142000109      0.557321608    
  0.142400116      0.553401589    
  0.142800122      0.549481571    
  0.143200129      0.545561552    
  0.143600136      0.541641533    
  0.144000143      0.537721515    
  0.144400150      0.533801496    
  0.144800156      0.529881477    
  0.145200163      0.525961459    
  0.145600170      0.522041440    
  0.146000177      0.518121421    
  0.146400183      0.514201403    
  0.146800190      0.510281384    
  0.147200197      0.506361365    
  0.147600204      0.502441347    
  0.148000211      0.498521358    
  0.148400217      0.494601369    
  0.148800224      0.490681380    
  0.149200231      0.486761391    
  0.149600238      0.482841402    
  0.150000244      0.478921413    
  0.150400251      0.475001425    
  0.150800258      0.471081436    
  0.151200265      0.467161447    
  0.151600271      0.463241458    
  0.152000278      0.459321469    
  0.152400285      0.455401480    
  0.152800292      0.451481491    
  0.153200299      0.447561502    
  0.153600305      0.443641514    
  0.154000312      0.439721525    
  0.154400319      0.435801536    
  0.154800326      0.431881547    
  0.155200332      0.427961558    
  0.155600339      0.424041569    
  0.156000346      0.420121580    
  0.156400353      0.416201591    
  0.156800359      0.412281603    
  0.157200366      0.408361614    
  0.157600373      0.404441625    
  0.158000380      0.400521636    
  0.158400387      0.396601647    
  0.158800393      0.392681658    
  0.159200400      0.388761669    
  0.159600407      0.384841681    
  0.160000414      0.380921692    
  0.160400420      0.377001703    
  0.160800427      0.373081714    
  0.161200434      0.369161725    
  0.161600441      0.365241736    
  0.162000448      0.361321747    
  0.162400454      0.357401758    
  0.162800461      0.353481770    
  0.163200468      0.349561781    
  0.163600475      0.345641792    
  0.164000481      0.341721803    
  0.164400488      0.337801814    
  0.164800495      0.333881825    
  0.165200502      0.329961836    
  0.165600508      0.326041847    
  0.166000515      0.322121859    
  0.166400522      0.318201870    
  0.166800529      0.314281881    
  0.167200536      0.310361892    
  0.167600542      0.306441903    
  0.168000549      0.302521914    
  0.168400556      0.298601925    
  0.168800563      0.294681937    
  0.169200569      0.290761948    
  0.169600576      0.286841959    
  0.170000583      0.282921970    
  0.170400590      0.279001981    
  0.170800596      0.275081992    
  0.171200603      0.271162003    
  0.171600610      0.267242014    
  0.172000617      0.263322026    
  0.172400624      0.259402037    
  0.172800630      0.255482048    
  0.173200637      0.251562059    
  0.173600644      0.247642055    
  0.174000651      0.243722051    
  0.174400657      0.239802048    
  0.174800664      0.235882044    
  0.175200671      0.231962040    
  0.175600678      0.228042036    
  0.176000684      0.224122033    
  0.176400691      0.220202029    
  0.176800698      0.216282025    
  0.177200705      0.212362021    
  0.177600712      0.208442017    
  0.178000718      0.204522014    
  0.178400725      0.200602010    
  0.178800732      0.196682006    
  0.179200739      0.192762002    
  0.179600745      0.188841999    
  0.180000752      0.184921995    
  0.180400759      0.181001991    
  0.180800766      0.177081987    
  0.181200773      0.173161983    
  0.181600779      0.169241980    
  0.182000786      0.165321976    
  0.182400793      0.161401972    
  0.182800800      0.157481968    
  0.183200806      0.153561965    
  0.183600813      0.149641961    
  0.184000820      0.145721957    
  0.184400827      0.141801953    
  0.184800833      0.137881950    
  0.185200840      0.133961946    
  0.185600847      0.130041942    
  0.186000854      0.126121938    
  0.186400861      0.122201934    
  0.186800867      0.118281931    
  0.187200874      0.114361927    
  0.187600881      0.110441923    
  0.188000888      0.106521919    
  0.188400894      0.102601916    
  0.188800901       9.86819118E-02
  0.189200908       9.47619081E-02
  0.189600915       9.08419043E-02
  0.190000921       8.69219005E-02
  0.190400928       8.30018967E-02
  0.190800935       7.90818930E-02
  0.191200942       7.51618892E-02
  0.191600949       7.12418854E-02
  0.192000955       6.73218817E-02
  0.192400962       6.34018779E-02
  0.192800969       5.94818778E-02
  0.193200976       5.55618778E-02
  0.193600982       5.16418777E-02
  0.194000989       4.77218777E-02
  0.194400996       4.38018776E-02
  0.194801003       3.98818776E-02
  0.195201010       3.59618776E-02
  0.195601016       3.20418775E-02
  0.196001023       2.81218775E-02
  0.196401030       2.42018774E-02
  0.196801037       2.02818774E-02
  0.197201043       1.63618773E-02
  0.197601050       1.24418773E-02
  0.198001057       8.52187723E-03
  0.198401064       4.60187718E-03
  0.198801070       6.81877136E-04
  0.199201077      -3.23812291E-03
  0.199601084      -7.15812296E-03
  0.200001091      -1.10781230E-02
  0.200401098      -1.49981230E-02
  0.200801104      -1.89181231E-02
  0.201201111      -2.28381231E-02
  0.201601118      -2.67581232E-02
  0.202001125      -3.06781232E-02
  0.202401131      -3.45981233E-02
  0.202801138      -3.85181233E-02
  0.203201145      -4.24381234E-02
  0.203601152      -4.63581234E-02
  0.204001158      -5.02781235E-02
  0.204401165      -5.41981235E-02
  0.204801172      -5.81181236E-02
  0.205201179      -6.20381236E-02
  0.205601186      -6.59581274E-02
  0.206001192      -6.98781312E-02
  0.206401199      -7.37981349E-02
  0.206801206      -7.77181387E-02
  0.207201213      -8.16381425E-02
  0.207601219      -8.55581462E-02
  0.208001226      -8.94781500E-02
  0.208401233      -9.33981538E-02
  0.208801240      -9.73181576E-02
  0.209201247     -0.101238161    
  0.209601253     -0.105158165    
  0.210001260     -0.109078169    
  0.210401267     -0.112998173    
  0.210801274     -0.116918176    
  0.211201280     -0.120838180    
  0.211601287     -0.124758184    
  0.212001294     -0.128678188    
  0.212401301     -0.132598191    
  0.212801307     -0.136518195    
  0.213201314     -0.140438199    
  0.213601321     -0.144358203    
  0.214001328     -0.148278207    
  0.214401335     -0.152198210    
  0.214801341     -0.156118214    
  0.215201348     -0.160038218    
  0.215601355     -0.163958222    
  0.216001362     -0.167878225    
  0.216401368     -0.171798229    
  0.216801375     -0.175718233    
  0.217201382     -0.179638237    
  0.217601389     -0.183558241    
  0.218001395     -0.187478244    
  0.218401402     -0.191398248    
  0.218801409     -0.195318252    
  0.219201416     -0.199238256    
  0.219601423     -0.203158259    
  0.220001429     -0.207078263    
  0.220401436     -0.210998267    
  0.220801443     -0.214918271    
  0.221201450     -0.218838274    
  0.221601456     -0.222758278    
  0.222001463     -0.226678282    
  0.222401470     -0.230598286    
  0.222801477     -0.234518290    
  0.223201483     -0.238438293    
  0.223601490     -0.242358297    
  0.224001497     -0.246278301    
  0.224401504     -0.250198305    
  0.224801511     -0.254118294    
  0.225201517     -0.258038282    
  0.225601524     -0.261958271    
  0.226001531     -0.265878260    
  0.226401538     -0.269798249    
  0.226801544     -0.273718238    
  0.227201551     -0.277638227    
  0.227601558     -0.281558216    
  0.228001565     -0.285478204    
  0.228401572     -0.289398193    
  0.228801578     -0.293318182    
  0.229201585     -0.297238171    
  0.229601592     -0.301158160    
  0.230001599     -0.305078149    
  0.230401605     -0.308998138    
  0.230801612     -0.312918127    
  0.231201619     -0.316838115    
  0.231601626     -0.320758104    
  0.232001632     -0.324678093    
  0.232401639     -0.328598082    
  0.232801646     -0.332518071    
  0.233201653     -0.336438060    
  0.233601660     -0.340358049    
  0.234001666     -0.344278038    
  0.234401673     -0.348198026    
  0.234801680     -0.352118015    
  0.235201687     -0.356038004    
  0.235601693     -0.359957993    
  0.236001700     -0.363877982    
  0.236401707     -0.367797971    
  0.236801714     -0.371717960    
  0.237201720     -0.375637949    
  0.237601727     -0.379557937    
  0.238001734     -0.383477926    
  0.238401741     -0.387397915    
  0.238801748     -0.391317904    
  0.239201754     -0.395237893    
  0.239601761     -0.399157882    
  0.240001768     -0.403077871    
  0.240401775     -0.406997859    
  0.240801781     -0.410917848    
  0.241201788     -0.414837837    
  0.241601795     -0.418757826    
  0.242001802     -0.422677815    
  0.242401809     -0.426597804    
  0.242801815     -0.430517793    
  0.243201822     -0.434437782    
  0.243601829     -0.438357770    
  0.244001836     -0.442277759    
  0.244401842     -0.446197748    
  0.244801849     -0.450117737    
  0.245201856     -0.454037726    
  0.245601863     -0.457957715    
  0.246001869     -0.461877704    
  0.246401876     -0.465797693    
  0.246801883     -0.469717681    
  0.247201890     -0.473637670    
  0.247601897     -0.477557659    
  0.248001903     -0.481477648    
  0.248401910     -0.485397637    
  0.248801917     -0.489317626    
  0.249201924     -0.493237615    
  0.249601930     -0.497157604    
  0.250001937     -0.501077592    
  0.250401944     -0.504997611    
  0.250801951     -0.508917630    
  0.251201957     -0.512837648    
  0.251601964     -0.516757667    
  0.252001971     -0.520677686    
  0.252401978     -0.524597704    
  0.252801985     -0.528517723    
  0.253201991     -0.532437742    
  0.253601998     -0.536357760    
  0.254002005     -0.540277779    
  0.254402012     -0.544197798    
  0.254802018     -0.548117816    
  0.255202025     -0.552037835    
  0.255602032     -0.555957854    
  0.256002039     -0.559877872    
  0.256402045     -0.563797891    
  0.256802052     -0.567717910    
  0.257202059     -0.571637928    
  0.257602066     -0.575557947    
  0.258002073     -0.579477966    
  0.258402079     -0.583397985    
  0.258802086     -0.587318003    
  0.259202093     -0.591238022    
  0.259602100     -0.595158041    
  0.260002106     -0.599078059    
  0.260402113     -0.602998078    
  0.260802120     -0.606918097    
  0.261202127     -0.610838115    
  0.261602134     -0.614758134    
  0.262002140     -0.618678153    
  0.262402147     -0.622598171    
  0.262802154     -0.626518190    
  0.263202161     -0.630438209    
  0.263602167     -0.634358227    
  0.264002174     -0.638278246    
  0.264402181     -0.642198265    
  0.264802188     -0.646118283    
  0.265202194     -0.650038302    
  0.265602201     -0.653958321    
  0.266002208     -0.657878339    
  0.266402215     -0.661798358    
  0.266802222     -0.665718377    
  0.267202228     -0.669638395    
  0.267602235     -0.673558414    
  0.268002242     -0.677478433    
  0.268402249     -0.681398451    
  0.268802255     -0.685318470    
  0.269202262     -0.689238489    
  0.269602269     -0.693158507    
  0.270002276     -0.697078526    
  0.270402282     -0.700998545    
  0.270802289     -0.704918563    
  0.271202296     -0.708838582    
  0.271602303     -0.712758601    
  0.272002310     -0.716678619    
  0.272402316     -0.720598638    
  0.272802323     -0.724518657    
  0.273202330     -0.728438675    
  0.273602337     -0.732358694    
  0.274002343     -0.736278713    
  0.274402350     -0.740198731    
  0.274802357     -0.744118750    
  0.275202364     -0.748038769    
  0.275602371     -0.751958787    
  0.276002377     -0.755878806    
  0.276402384     -0.759798825    
  0.276802391     -0.763718843    
  0.277202398     -0.767638862    
  0.277602404     -0.771558881    
  0.278002411     -0.775478899    
  0.278402418     -0.779398918    
  0.278802425     -0.783318937    
  0.279202431     -0.787238955    
  0.279602438     -0.791158974    
  0.280002445     -0.795078993    
  0.280402452     -0.798999012    
  0.280802459     -0.802919030    
  0.281202465     -0.806839049    
  0.281602472     -0.810759068    
  0.282002479     -0.814679086    
  0.282402486     -0.818599105    
  0.282802492     -0.822519124    
  0.283202499     -0.826439142    
  0.283602506     -0.830359161    
  0.284002513     -0.834279180    
  0.284402519     -0.838199198    
  0.284802526     -0.842119217    
  0.285202533     -0.846039236    
  0.285602540     -0.849959254    
  0.286002547     -0.853879273    
  0.286402553     -0.857799292    
  0.286802560     -0.861719310    
  0.287202567     -0.865639329    
  0.287602574     -0.869559348    
  0.288002580     -0.873479366    
  0.288402587     -0.877399385    
  0.288802594     -0.881319404    
  0.289202601     -0.885239422    
  0.289602607     -0.889159441    
  0.290002614     -0.893079460    
  0.290402621     -0.896999478    
  0.290802628     -0.900919497    
  0.291202635     -0.904839516    
  0.291602641     -0.908759534    
  0.292002648     -0.912679553    
  0.292402655     -0.916599572    
  0.292802662     -0.920519590    
  0.293202668     -0.924439609    
  0.293602675     -0.928359628    
  0.294002682     -0.932279646    
  0.294402689     -0.936199665    
  0.294802696     -0.940119684    
  0.295202702     -0.944039702    
  0.295602709     -0.947959721    
  0.296002716     -0.951879740    
  0.296402723     -0.955799758    
  0.296802729     -0.959719777    
  0.297202736     -0.963639796    
  0.297602743     -0.967559814    
  0.298002750     -0.971479833    
  0.298402756     -0.975399852    
  0.298802763     -0.979319870    
  0.299202770     -0.983239889    
  0.299602777     -0.987159908    
  0.300002784     -0.991079926    
  0.300402790     -0.994999945    
  0.300802797     -0.998919964    
  0.301202804      -1.00283992    
  0.301602811      -1.00675988    
  0.302002817      -1.01067984    
  0.302402824      -1.01459980    
  0.302802831      -1.01851976    
  0.303202838      -1.02243972    
  0.303602844      -1.02635968    
  0.304002851      -1.03027964    
  0.304402858      -1.03419960    
  0.304802865      -1.03811955    
  0.305202872      -1.04203951    
  0.305602878      -1.04595947    
  0.306002885      -1.04987943    
  0.306402892      -1.05379939    
  0.306802899      -1.05771935    
  0.307202905      -1.06163931    
  0.307602912      -1.06555927    
  0.308002919      -1.06947923    
  0.308402926      -1.07339919    
  0.308802933      -1.07731915    
  0.309202939      -1.08123910    
  0.309602946      -1.08515906    
  0.310002953      -1.08907902    
  0.310402960      -1.09299898    
  0.310802966      -1.09691894    
  0.311202973      -1.10083890    
  0.311602980      -1.10475886    
  0.312002987      -1.10867882    
  0.312402993      -1.11259878    
  0.312803000      -1.11651874    
  0.313203007      -1.12043869    
  0.313603014      -1.12435865    
  0.314003021      -1.12827861    
  0.314403027      -1.13219857    
  0.314803034      -1.13611853    
  0.315203041      -1.14003849    
  0.315603048      -1.14395845    
  0.316003054      -1.14787841    
  0.316403061      -1.15179837    
  0.316803068      -1.15571833    
  0.317203075      -1.15963829    
  0.317603081      -1.16355824    
  0.318003088      -1.16747820    
  0.318403095      -1.17139816    
  0.318803102      -1.17531812    
  0.319203109      -1.17923808    
  0.319603115      -1.18315804    
  0.320003122      -1.18707800    
  0.320403129      -1.19099796    
  0.320803136      -1.19491792    
  0.321203142      -1.19883788    
  0.321603149      -1.20275784    
  0.322003156      -1.20667779    
  0.322403163      -1.21059775    
  0.322803169      -1.21451771    
  0.323203176      -1.21843767    
  0.323603183      -1.22235763    
  0.324003190      -1.22627759    
  0.324403197      -1.23019755    
  0.324803203      -1.23411751    
  0.325203210      -1.23803747    
  0.325603217      -1.24195743    
  0.326003224      -1.24587739    
  0.326403230      -1.24979734    
  0.326803237      -1.25371730    
  0.327203244      -1.25763726    
  0.327603251      -1.26155722    
  0.328003258      -1.26547718    
  0.328403264      -1.26939714    
  0.328803271      -1.27331710    
  0.329203278      -1.27723706    
  0.329603285      -1.28115702    
  0.330003291      -1.28507698    
  0.330403298      -1.28899693    
  0.330803305      -1.29291689    
  0.331203312      -1.29683685    
  0.331603318      -1.30075681    
  0.332003325      -1.30467677    
  0.332403332      -1.30859673    
  0.332803339      -1.31251669    
  0.333203346      -1.31643665    
  0.333603352      -1.32035661    
  0.334003359      -1.32427657    
  0.334403366      -1.32819653    
  0.334803373      -1.33211648    
  0.335203379      -1.33603644    
  0.335603386      -1.33995640    
  0.336003393      -1.34387636    
  0.336403400      -1.34779632    
  0.336803406      -1.35171628    
  0.337203413      -1.35563624    
  0.337603420      -1.35955620    
  0.338003427      -1.36347616    
  0.338403434      -1.36739612    
  0.338803440      -1.37131608    
  0.339203447      -1.37523603    
  0.339603454      -1.37915599    
  0.340003461      -1.38307595    
  0.340403467      -1.38699591    
  0.340803474      -1.39091587    
  0.341203481      -1.39483583    
  0.341603488      -1.39875579    
  0.342003495      -1.40267575    
  0.342403501      -1.40659571    
  0.342803508      -1.41051567    
  0.343203515      -1.41443563    
  0.343603522      -1.41835558    
  0.344003528      -1.42227554    
  0.344403535      -1.42619550    
  0.344803542      -1.43011546    
  0.345203549      -1.43403542    
  0.345603555      -1.43795538    
  0.346003562      -1.44187534    
  0.346403569      -1.44579530    
  0.346803576      -1.44971526    
  0.347203583      -1.45363522    
  0.347603589      -1.45755517    
  0.348003596      -1.46147513    
  0.348403603      -1.46539509    
  0.348803610      -1.46931505    
  0.349203616      -1.47323501    
  0.349603623      -1.47715497    
  0.350003630      -1.48107493    
  0.350403637      -1.48499489    
  0.350803643      -1.48891485    
  0.351203650      -1.49283481    
  0.351603657      -1.49675477    
  0.352003664      -1.50067472    
  0.352403671      -1.50459468    
  0.352803677      -1.50851464    
  0.353203684      -1.51243460    
  0.353603691      -1.51635456    
  0.354003698      -1.52027452    
  0.354403704      -1.52419448    
  0.354803711      -1.52811444    
  0.355203718      -1.53203440    
  0.355603725      -1.53595436    
  0.356003731      -1.53987432    
  0.356403738      -1.54379427    
  0.356803745      -1.54771423    
  0.357203752      -1.55163419    
  0.357603759      -1.55555415    
  0.358003765      -1.55947411    
  0.358403772      -1.56339407    
  0.358803779      -1.56731403    
  0.359203786      -1.57123399    
  0.359603792      -1.57515395    
  0.360003799      -1.57907391    
  0.360403806      -1.58299387    
  0.360803813      -1.58691382    
  0.361203820      -1.59083378    
  0.361603826      -1.59475374    
  0.362003833      -1.59867370    
  0.362403840      -1.60259366    
  0.362803847      -1.60651362    
  0.363203853      -1.61043358    
  0.363603860      -1.61435354    
  0.364003867      -1.61827350    
  0.364403874      -1.62219346    
  0.364803880      -1.62611341    
  0.365203887      -1.63003337    
  0.365603894      -1.63395333    
  0.366003901      -1.63787329    
  0.366403908      -1.64179325    
  0.366803914      -1.64571321    
  0.367203921      -1.64963317    
  0.367603928      -1.65355313    
  0.368003935      -1.65747309    
  0.368403941      -1.66139305    
  0.368803948      -1.66531301    
  0.369203955      -1.66923296    
  0.369603962      -1.67315292    
  0.370003968      -1.67707288    
  0.370403975      -1.68099284    
  0.370803982      -1.68491280    
  0.371203989      -1.68883276    
  0.371603996      -1.69275272    
  0.372004002      -1.69667268    
  0.372404009      -1.70059264    
  0.372804016      -1.70451260    
  0.373204023      -1.70843256    
  0.373604029      -1.71235251    
  0.374004036      -1.71627247    
  0.374404043      -1.72019243    
  0.374804050      -1.72411239    
  0.375204057      -1.72803235    
  0.375604063      -1.73195231    
  0.376004070      -1.73587227    
  0.376404077      -1.73979223    
  0.376804084      -1.74371219    
  0.377204090      -1.74763215    
  0.377604097      -1.75155210    
  0.378004104      -1.75547206    
  0.378404111      -1.75939202    
  0.378804117      -1.76331198    
  0.379204124      -1.76723194    
  0.379604131      -1.77115190    
  0.380004138      -1.77507186    
  0.380404145      -1.77899182    
  0.380804151      -1.78291178    
  0.381204158      -1.78683174    
  0.381604165      -1.79075170    
  0.382004172      -1.79467165    
  0.382404178      -1.79859161    
  0.382804185      -1.80251157    
  0.383204192      -1.80643153    
  0.383604199      -1.81035149    
  0.384004205      -1.81427145    
  0.384404212      -1.81819141    
  0.384804219      -1.82211137    
  0.385204226      -1.82603133    
  0.385604233      -1.82995129    
  0.386004239      -1.83387125    
  0.386404246      -1.83779120    
  0.386804253      -1.84171116    
  0.387204260      -1.84563112    
  0.387604266      -1.84955108    
  0.388004273      -1.85347104    
  0.388404280      -1.85739100    
  0.388804287      -1.86131096    
  0.389204293      -1.86523092    
  0.389604300      -1.86915088    
  0.390004307      -1.87307084    
  0.390404314      -1.87699080    
  0.390804321      -1.88091075    
  0.391204327      -1.88483071    
  0.391604334      -1.88875067    
  0.392004341      -1.89267063    
  0.392404348      -1.89659059    
  0.392804354      -1.90051055    
  0.393204361      -1.90443051    
  0.393604368      -1.90835047    
  0.394004375      -1.91227043    
  0.394404382      -1.91619039    
  0.394804388      -1.92011034    
  0.395204395      -1.92403030    
  0.395604402      -1.92795026    
  0.396004409      -1.93187022    
  0.396404415      -1.93579018    
  0.396804422      -1.93971014    
  0.397204429      -1.94363010    
  0.397604436      -1.94755006    
  0.398004442      -1.95147002    
  0.398404449      -1.95538998    
  0.398804456      -1.95930994    
  0.399204463      -1.96322989    
  0.399604470      -1.96714985    
  0.400004476      -1.97106981    
  0.400404483      -1.97498977    
  0.400804490      -1.97890973    
  0.401204497      -1.98282969    
  0.401604503      -1.98674965    
  0.402004510      -1.99066961    
  0.402404517      -1.99458957    
  0.402804524      -1.99850953    
  0.403204530      -2.00242949    
  0.403604537      -2.00634956    
  0.404004544      -2.01026964    
  0.404404551      -2.01418972    
  0.404804558      -2.01810980    
  0.405204564      -2.02202988    
  0.405604571      -2.02594995    
  0.406004578      -2.02987003    
  0.406404585      -2.03379011    
  0.406804591      -2.03771019    
  0.407204598      -2.04163027    
  0.407604605      -2.04555035    
  0.408004612      -2.04947042    
  0.408404619      -2.05339050    
  0.408804625      -2.05731058    
  0.409204632      -2.06123066    
  0.409604639      -2.06515074    
  0.410004646      -2.06907082    
  0.410404652      -2.07299089    
  0.410804659      -2.07691097    
  0.411204666      -2.08083105    
  0.411604673      -2.08475113    
  0.412004679      -2.08867121    
  0.412404686      -2.09259129    
  0.412804693      -2.09651136    
  0.413204700      -2.10043144    
  0.413604707      -2.10435152    
  0.414004713      -2.10827160    
  0.414404720      -2.11219168    
  0.414804727      -2.11611176    
  0.415204734      -2.12003183    
  0.415604740      -2.12395191    
  0.416004747      -2.12787199    
  0.416404754      -2.13179207    
  0.416804761      -2.13571215    
  0.417204767      -2.13963223    
  0.417604774      -2.14355230    
  0.418004781      -2.14747238    
  0.418404788      -2.15139246    
  0.418804795      -2.15531254    
  0.419204801      -2.15923262    
  0.419604808      -2.16315269    
  0.420004815      -2.16707277    
  0.420404822      -2.17099285    
  0.420804828      -2.17491293    
  0.421204835      -2.17883301    
  0.421604842      -2.18275309    
  0.422004849      -2.18667316    
  0.422404855      -2.19059324    
  0.422804862      -2.19451332    
  0.423204869      -2.19843340    
  0.423604876      -2.20235348    
  0.424004883      -2.20627356    
  0.424404889      -2.21019363    
  0.424804896      -2.21411371    
  0.425204903      -2.21803379    
  0.425604910      -2.22195387    
  0.426004916      -2.22587395    
  0.426404923      -2.22979403    
  0.426804930      -2.23371410    
  0.427204937      -2.23763418    
  0.427604944      -2.24155426    
  0.428004950      -2.24547434    
  0.428404957      -2.24939442    
  0.428804964      -2.25331450    
  0.429204971      -2.25723457    
  0.429604977      -2.26115465    
  0.430004984      -2.26507473    
  0.430404991      -2.26899481    
  0.430804998      -2.27291489    
  0.431205004      -2.27683496    
  0.431605011      -2.28075504    
  0.432005018      -2.28467512    
  0.432405025      -2.28859520    
  0.432805032      -2.29251528    
  0.433205038      -2.29643536    
  0.433605045      -2.30035543    
  0.434005052      -2.30427551    
  0.434405059      -2.30819559    
  0.434805065      -2.31211567    
  0.435205072      -2.31603575    
  0.435605079      -2.31995583    
  0.436005086      -2.32387590    
  0.436405092      -2.32779598    
  0.436805099      -2.33171606    
  0.437205106      -2.33563614    
  0.437605113      -2.33955622    
  0.438005120      -2.34347630    
  0.438405126      -2.34739637    
  0.438805133      -2.35131645    
  0.439205140      -2.35523653    
  0.439605147      -2.35915661    
  0.440005153      -2.36307669    
  0.440405160      -2.36699677    
  0.440805167      -2.37091684    
  0.441205174      -2.37483692    
  0.441605181      -2.37875700    
  0.442005187      -2.38267708    
  0.442405194      -2.38659716    
  0.442805201      -2.39051723    
  0.443205208      -2.39443731    
  0.443605214      -2.39835739    
  0.444005221      -2.40227747    
  0.444405228      -2.40619755    
  0.444805235      -2.41011763    
  0.445205241      -2.41403770    
  0.445605248      -2.41795778    
  0.446005255      -2.42187786    
  0.446405262      -2.42579794    
  0.446805269      -2.42971802    
  0.447205275      -2.43363810    
  0.447605282      -2.43755817    
  0.448005289      -2.44147825    
  0.448405296      -2.44539833    
  0.448805302      -2.44931841    
  0.449205309      -2.45323849    
  0.449605316      -2.45715857    
  0.450005323      -2.46107864    
  0.450405329      -2.46499872    
  0.450805336      -2.46891880    
  0.451205343      -2.47283888    
  0.451605350      -2.47675896    
  0.452005357      -2.48067904    
  0.452405363      -2.48459911    
  0.452805370      -2.48851919    
  0.453205377      -2.49243927    
  0.453605384      -2.49635935    
  0.454005390      -2.50027943    
  0.454405397      -2.50419950    
  0.454805404      -2.50811958    
  0.455205411      -2.51203966    
  0.455605417      -2.51595974    
  0.456005424      -2.51987982    
  0.456405431      -2.52379990    
  0.456805438      -2.52771997    
  0.457205445      -2.53164005    
  0.457605451      -2.53556013    
  0.458005458      -2.53948021    
  0.458405465      -2.54340029    
  0.458805472      -2.54732037    
  0.459205478      -2.55124044    
  0.459605485      -2.55516052    
  0.460005492      -2.55908060    
  0.460405499      -2.56300068    
  0.460805506      -2.56692076    
  0.461205512      -2.57084084    
  0.461605519      -2.57476091    
  0.462005526      -2.57868099    
  0.462405533      -2.58260107    
  0.462805539      -2.58652115    
  0.463205546      -2.59044123    
  0.463605553      -2.59436131    
  0.464005560      -2.59828138    
  0.464405566      -2.60220146    
  0.464805573      -2.60612154    
  0.465205580      -2.61004162    
  0.465605587      -2.61396170    
  0.466005594      -2.61788177    
  0.466405600      -2.62180185    
  0.466805607      -2.62572193    
  0.467205614      -2.62964201    
  0.467605621      -2.63356209    
  0.468005627      -2.63748217    
  0.468405634      -2.64140224    
  0.468805641      -2.64532232    
  0.469205648      -2.64924240    
  0.469605654      -2.65316248    
  0.470005661      -2.65708256    
  0.470405668      -2.66100264    
  0.470805675      -2.66492271    
  0.471205682      -2.66884279    
  0.471605688      -2.67276287    
  0.472005695      -2.67668295    
  0.472405702      -2.68060303    
  0.472805709      -2.68452311    
  0.473205715      -2.68844318    
  0.473605722      -2.69236326    
  0.474005729      -2.69628334    
  0.474405736      -2.70020342    
  0.474805743      -2.70412350    
  0.475205749      -2.70804358    
  0.475605756      -2.71196365    
  0.476005763      -2.71588373    
  0.476405770      -2.71980381    
  0.476805776      -2.72372389    
  0.477205783      -2.72764397    
  0.477605790      -2.73156404    
  0.478005797      -2.73548412    
  0.478405803      -2.73940420    
  0.478805810      -2.74332428    
  0.479205817      -2.74724436    
  0.479605824      -2.75116444    
  0.480005831      -2.75508451    
  0.480405837      -2.75900459    
  0.480805844      -2.76292467    
  0.481205851      -2.76684475    
  0.481605858      -2.77076483    
  0.482005864      -2.77468491    
  0.482405871      -2.77860498    
  0.482805878      -2.78252506    
  0.483205885      -2.78644514    
  0.483605891      -2.79036522    
  0.484005898      -2.79428530    
  0.484405905      -2.79820538    
  0.484805912      -2.80212545    
  0.485205919      -2.80604553    
  0.485605925      -2.80996561    
  0.486005932      -2.81388569    
  0.486405939      -2.81780577    
  0.486805946      -2.82172585    
  0.487205952      -2.82564592    
  0.487605959      -2.82956600    
  0.488005966      -2.83348608    
  0.488405973      -2.83740616    
  0.488805979      -2.84132624    
  0.489205986      -2.84524632    
  0.489605993      -2.84916639    
  0.490006000      -2.85308647    
  0.490406007      -2.85700655    
  0.490806013      -2.86092663    
  0.491206020      -2.86484671    
  0.491606027      -2.86876678    
  0.492006034      -2.87268686    
  0.492406040      -2.87660694    
  0.492806047      -2.88052702    
  0.493206054      -2.88444710    
  0.493606061      -2.88836718    
  0.494006068      -2.89228725    
  0.494406074      -2.89620733    
  0.494806081      -2.90012741    
  0.495206088      -2.90404749    
  0.495606095      -2.90796757    
  0.496006101      -2.91188765    
  0.496406108      -2.91580772    
  0.496806115      -2.91972780    
  0.497206122      -2.92364788    
  0.497606128      -2.92756796    
  0.498006135      -2.93148804    
  0.498406142      -2.93540812    
  0.498806149      -2.93932819    
  0.499206156      -2.94324827    
  0.499606162      -2.94716835    
  0.500006139      -2.95108843    
  0.500406146      -2.95500851    
  0.500806153      -2.95892859    
  0.501206160      -2.96284866    
  0.501606166      -2.96676874    
  0.502006173      -2.97068882    
  0.502406180      -2.97460890    
  0.502806187      -2.97852898    
  0.503206193      -2.98244905    
  0.503606200      -2.98636913    
  0.504006207      -2.99028921    
  0.504406214      -2.99420929    
  0.504806221      -2.99812937    
  0.505206227      -3.00204945    
  0.505606234      -3.00596952    
  0.506006241      -3.00988960    
  0.506406248      -3.01380968    
  0.506806254      -3.01772976    
  0.507206261      -3.02164984    
  0.507606268      -3.02556992    
  0.508006275      -3.02948999    
  0.508406281      -3.03341007    
  0.508806288      -3.03733015    
  0.509206295      -3.04125023    
  0.509606302      -3.04517031    
  0.510006309      -3.04909039    
  0.510406315      -3.05301046    
  0.510806322      -3.05693054    
  0.511206329      -3.06085062    
  0.511606336      -3.06477070    
  0.512006342      -3.06869078    
  0.512406349      -3.07261086    
  0.512806356      -3.07653093    
  0.513206363      -3.08045101    
  0.513606369      -3.08437109    
  0.514006376      -3.08829117    
  0.514406383      -3.09221125    
  0.514806390      -3.09613132    
  0.515206397      -3.10005140    
  0.515606403      -3.10397148    
  0.516006410      -3.10789156    
  0.516406417      -3.11181164    
  0.516806424      -3.11573172    
  0.517206430      -3.11965179    
  0.517606437      -3.12357187    
  0.518006444      -3.12749195    
  0.518406451      -3.13141203    
  0.518806458      -3.13533211    
  0.519206464      -3.13925219    
  0.519606471      -3.14317226    
  0.520006478      -3.14709234    
  0.520406485      -3.15101242    
  0.520806491      -3.15493250    
  0.521206498      -3.15885258    
  0.521606505      -3.16277266    
  0.522006512      -3.16669273    
  0.522406518      -3.17061281    
  0.522806525      -3.17453289    
  0.523206532      -3.17845297    
  0.523606539      -3.18237305    
  0.524006546      -3.18629313    
  0.524406552      -3.19021320    
  0.524806559      -3.19413328    
  0.525206566      -3.19805336    
  0.525606573      -3.20197344    
  0.526006579      -3.20589352    
  0.526406586      -3.20981359    
  0.526806593      -3.21373367    
  0.527206600      -3.21765375    
  0.527606606      -3.22157383    
  0.528006613      -3.22549391    
  0.528406620      -3.22941399    
  0.528806627      -3.23333406    
  0.529206634      -3.23725414    
  0.529606640      -3.24117422    
  0.530006647      -3.24509430    
  0.530406654      -3.24901438    
  0.530806661      -3.25293446    
  0.531206667      -3.25685453    
  0.531606674      -3.26077461    
  0.532006681      -3.26469469    
  0.532406688      -3.26861477    
  0.532806695      -3.27253485    
  0.533206701      -3.27645493    
  0.533606708      -3.28037500    
  0.534006715      -3.28429508    
  0.534406722      -3.28821516    
  0.534806728      -3.29213524    
  0.535206735      -3.29605532    
  0.535606742      -3.29997540    
  0.536006749      -3.30389547    
  0.536406755      -3.30781555    
  0.536806762      -3.31173563    
  0.537206769      -3.31565571    
  0.537606776      -3.31957579    
  0.538006783      -3.32349586    
  0.538406789      -3.32741594    
  0.538806796      -3.33133602    
  0.539206803      -3.33525610    
  0.539606810      -3.33917618    
  0.540006816      -3.34309626    
  0.540406823      -3.34701633    
  0.540806830      -3.35093641    
  0.541206837      -3.35485649    
  0.541606843      -3.35877657    
  0.542006850      -3.36269665    
  0.542406857      -3.36661673    
  0.542806864      -3.37053680    
  0.543206871      -3.37445688    
  0.543606877      -3.37837696    
  0.544006884      -3.38229704    
  0.544406891      -3.38621712    
  0.544806898      -3.39013720    
  0.545206904      -3.39405727    
  0.545606911      -3.39797735    
  0.546006918      -3.40189743    
  0.546406925      -3.40581751    
  0.546806931      -3.40973759    
  0.547206938      -3.41365767    
  0.547606945      -3.41757774    
  0.548006952      -3.42149782    
  0.548406959      -3.42541790    
  0.548806965      -3.42933798    
  0.549206972      -3.43325806    
  0.549606979      -3.43717813    
  0.550006986      -3.44109821    
  0.550406992      -3.44501829    
  0.550806999      -3.44893837    
  0.551207006      -3.45285845    
  0.551607013      -3.45677853    
  0.552007020      -3.46069860    
  0.552407026      -3.46461868    
  0.552807033      -3.46853876    
  0.553207040      -3.47245884    
  0.553607047      -3.47637892    
  0.554007053      -3.48029900    
  0.554407060      -3.48421907    
  0.554807067      -3.48813915    
  0.555207074      -3.49205923    
  0.555607080      -3.49597931    
  0.556007087      -3.49989939    
  0.556407094      -3.50381947    
  0.556807101      -3.50773954    
  0.557207108      -3.51165962    
  0.557607114      -3.51557970    
  0.558007121      -3.51949978    
  0.558407128      -3.52341986    
  0.558807135      -3.52733994    
  0.559207141      -3.53126001    
  0.559607148      -3.53518009    
  0.560007155      -3.53910017    
  0.560407162      -3.54302025    
  0.560807168      -3.54694033    
  0.561207175      -3.55086040    
  0.561607182      -3.55478048    
  0.562007189      -3.55870056    
  0.562407196      -3.56262064    
  0.562807202      -3.56654072    
  0.563207209      -3.57046080    
  0.563607216      -3.57438087    
  0.564007223      -3.57830095    
  0.564407229      -3.58222103    
  0.564807236      -3.58614111    
  0.565207243      -3.59006119    
  0.565607250      -3.59398127    
  0.566007257      -3.59790134    
  0.566407263      -3.60182142    
  0.566807270      -3.60574150    
  0.567207277      -3.60966158    
  0.567607284      -3.61358166    
  0.568007290      -3.61750174    
  0.568407297      -3.62142181    
  0.568807304      -3.62534189    
  0.569207311      -3.62926197    
  0.569607317      -3.63318205    
  0.570007324      -3.63710213    
  0.570407331      -3.64102221    
  0.570807338      -3.64494228    
  0.571207345      -3.64886236    
  0.571607351      -3.65278244    
  0.572007358      -3.65670252    
  0.572407365      -3.66062260    
  0.572807372      -3.66454268    
  0.573207378      -3.66846275    
  0.573607385      -3.67238283    
  0.574007392      -3.67630291    
  0.574407399      -3.68022299    
  0.574807405      -3.68414307    
  0.575207412      -3.68806314    
  0.575607419      -3.69198322    
  0.576007426      -3.69590330    
  0.576407433      -3.69982338    
  0.576807439      -3.70374346    
  0.577207446      -3.70766354    
  0.577607453      -3.71158361    
  0.578007460      -3.71550369    
  0.578407466      -3.71942377    
  0.578807473      -3.72334385    
  0.579207480      -3.72726393    
  0.579607487      -3.73118401    
  0.580007493      -3.73510408    
  0.580407500      -3.73902416    
  0.580807507      -3.74294424    
  0.581207514      -3.74686432    
  0.581607521      -3.75078440    
  0.582007527      -3.75470448    
  0.582407534      -3.75862455    
  0.582807541      -3.76254463    
  0.583207548      -3.76646471    
  0.583607554      -3.77038479    
  0.584007561      -3.77430487    
  0.584407568      -3.77822495    
  0.584807575      -3.78214502    
  0.585207582      -3.78606510    
  0.585607588      -3.78998518    
  0.586007595      -3.79390526    
  0.586407602      -3.79782534    
  0.586807609      -3.80174541    
  0.587207615      -3.80566549    
  0.587607622      -3.80958557    
  0.588007629      -3.81350565    
  0.588407636      -3.81742573    
  0.588807642      -3.82134581    
  0.589207649      -3.82526588    
  0.589607656      -3.82918596    
  0.590007663      -3.83310604    
  0.590407670      -3.83702612    
  0.590807676      -3.84094620    
  0.591207683      -3.84486628    
  0.591607690      -3.84878635    
  0.592007697      -3.85270643    
  0.592407703      -3.85662651    
  0.592807710      -3.86054659    
  0.593207717      -3.86446667    
  0.593607724      -3.86838675    
  0.594007730      -3.87230682    
  0.594407737      -3.87622690    
  0.594807744      -3.88014698    
  0.595207751      -3.88406706    
  0.595607758      -3.88798714    
  0.596007764      -3.89190722    
  0.596407771      -3.89582729    
  0.596807778      -3.89974737    
  0.597207785      -3.90366745    
  0.597607791      -3.90758753    
  0.598007798      -3.91150761    
  0.598407805      -3.91542768    
  0.598807812      -3.91934776    
  0.599207819      -3.92326784    
  0.599607825      -3.92718792    
  0.600007832      -3.93110800    
  0.600407839      -3.93502808    
  0.600807846      -3.93894815    
  0.601207852      -3.94286823    
  0.601607859      -3.94678831    
  0.602007866      -3.95070839    
  0.602407873      -3.95462847    
  0.602807879      -3.95854855    
  0.603207886      -3.96246862    
  0.603607893      -3.96638870    
  0.604007900      -3.97030878    
  0.604407907      -3.97422886    
  0.604807913      -3.97814894    
  0.605207920      -3.98206902    
  0.605607927      -3.98598909    
  0.606007934      -3.98990917    
  0.606407940      -3.99382925    
  0.606807947      -3.99774933    
  0.607207954      -4.00166941    
  0.607607961      -4.00558949    
  0.608007967      -4.00950956    
  0.608407974      -4.01342964    
  0.608807981      -4.01734972    
  0.609207988      -4.02126980    
  0.609607995      -4.02518988    
  0.610008001      -4.02910995    
  0.610408008      -4.03303003    
  0.610808015      -4.03695011    
  0.611208022      -4.04087019    
  0.611608028      -4.04479027    
  0.612008035      -4.04871035    
  0.612408042      -4.05263042    
  0.612808049      -4.05655050    
  0.613208055      -4.06047058    
  0.613608062      -4.06439066    
  0.614008069      -4.06831074    
  0.614408076      -4.07223082    
  0.614808083      -4.07615089    
  0.615208089      -4.08007097    
  0.615608096      -4.08399105    
  0.616008103      -4.08791113    
  0.616408110      -4.09183121    
  0.616808116      -4.09575129    
  0.617208123      -4.09967136    
  0.617608130      -4.10359144    
  0.618008137      -4.10751152    
  0.618408144      -4.11143160    
  0.618808150      -4.11535168    
  0.619208157      -4.11927176    
  0.619608164      -4.12319183    
  0.620008171      -4.12711191    
  0.620408177      -4.13103199    
  0.620808184      -4.13495207    
  0.621208191      -4.13887215    
  0.621608198      -4.14279222    
  0.622008204      -4.14671230    
  0.622408211      -4.15063238    
  0.622808218      -4.15455246    
  0.623208225      -4.15847254    
  0.623608232      -4.16239262    
  0.624008238      -4.16631269    
  0.624408245      -4.17023277    
  0.624808252      -4.17415285    
  0.625208259      -4.17807293    
  0.625608265      -4.18199301    
  0.626008272      -4.18591309    
  0.626408279      -4.18983316    
  0.626808286      -4.19375324    
  0.627208292      -4.19767332    
  0.627608299      -4.20159340    
  0.628008306      -4.20551348    
  0.628408313      -4.20943356    
  0.628808320      -4.21335363    
  0.629208326      -4.21727371    
  0.629608333      -4.22119379    
  0.630008340      -4.22511387    
  0.630408347      -4.22903395    
  0.630808353      -4.23295403    
  0.631208360      -4.23687410    
  0.631608367      -4.24079418    
  0.632008374      -4.24471426    
  0.632408381      -4.24863434    
  0.632808387      -4.25255442    
  0.633208394      -4.25647449    
  0.633608401      -4.26039457    
  0.634008408      -4.26431465    
  0.634408414      -4.26823473    
  0.634808421      -4.27215481    
  0.635208428      -4.27607489    
  0.635608435      -4.27999496    
  0.636008441      -4.28391504    
  0.636408448      -4.28783512    
  0.636808455      -4.29175520    
  0.637208462      -4.29567528    
  0.637608469      -4.29959536    
  0.638008475      -4.30351543    
  0.638408482      -4.30743551    
  0.638808489      -4.31135559    
  0.639208496      -4.31527567    
  0.639608502      -4.31919575    
  0.640008509      -4.32311583    
  0.640408516      -4.32703590    
  0.640808523      -4.33095598    
  0.641208529      -4.33487606    
  0.641608536      -4.33879614    
  0.642008543      -4.34271622    
  0.642408550      -4.34663630    
  0.642808557      -4.35055637    
  0.643208563      -4.35447645    
  0.643608570      -4.35839653    
  0.644008577      -4.36231661    
  0.644408584      -4.36623669    
  0.644808590      -4.37015676    
  0.645208597      -4.37407684    
  0.645608604      -4.37799692    
  0.646008611      -4.38191700    
  0.646408617      -4.38583708    
  0.646808624      -4.38975716    
  0.647208631      -4.39367723    
  0.647608638      -4.39759731    
  0.648008645      -4.40151739    
  0.648408651      -4.40543747    
  0.648808658      -4.40935755    
  0.649208665      -4.41327763    
  0.649608672      -4.41719770    
  0.650008678      -4.42111778    
  0.650408685      -4.42503786    
  0.650808692      -4.42895794    
  0.651208699      -4.43287802    
  0.651608706      -4.43679810    
  0.652008712      -4.44071817    
  0.652408719      -4.44463825    
  0.652808726      -4.44855833    
  0.653208733      -4.45247841    
  0.653608739      -4.45639849    
  0.654008746      -4.46031857    
  0.654408753      -4.46423864    
  0.654808760      -4.46815872    
  0.655208766      -4.47207880    
  0.655608773      -4.47599888    
  0.656008780      -4.47991896    
  0.656408787      -4.48383904    
  0.656808794      -4.48775911    
  0.657208800      -4.49167919    
  0.657608807      -4.49559927    
  0.658008814      -4.49951935    
  0.658408821      -4.50343943    
  0.658808827      -4.50735950    
  0.659208834      -4.51127958    
  0.659608841      -4.51519966    
  0.660008848      -4.51911974    
  0.660408854      -4.52303982    
  0.660808861      -4.52695990    
  0.661208868      -4.53087997    
  0.661608875      -4.53480005    
  0.662008882      -4.53872013    
  0.662408888      -4.54264021    
  0.662808895      -4.54656029    
  0.663208902      -4.55048037    
  0.663608909      -4.55440044    
  0.664008915      -4.55832052    
  0.664408922      -4.56224060    
  0.664808929      -4.56616068    
  0.665208936      -4.57008076    
  0.665608943      -4.57400084    
  0.666008949      -4.57792091    
  0.666408956      -4.58184099    
  0.666808963      -4.58576107    
  0.667208970      -4.58968115    
  0.667608976      -4.59360123    
  0.668008983      -4.59752131    
  0.668408990      -4.60144138    
  0.668808997      -4.60536146    
  0.669209003      -4.60928154    
  0.669609010      -4.61320162    
  0.670009017      -4.61712170    
  0.670409024      -4.62104177    
  0.670809031      -4.62496185    
  0.671209037      -4.62888193    
  0.671609044      -4.63280201    
  0.672009051      -4.63672209    
  0.672409058      -4.64064217    
  0.672809064      -4.64456224    
  0.673209071      -4.64848232    
  0.673609078      -4.65240240    
  0.674009085      -4.65632248    
  0.674409091      -4.66024256    
  0.674809098      -4.66416264    
  0.675209105      -4.66808271    
  0.675609112      -4.67200279    
  0.676009119      -4.67592287    
  0.676409125      -4.67984295    
  0.676809132      -4.68376303    
  0.677209139      -4.68768311    
  0.677609146      -4.69160318    
  0.678009152      -4.69552326    
  0.678409159      -4.69944334    
  0.678809166      -4.70336342    
  0.679209173      -4.70728350    
  0.679609179      -4.71120358    
  0.680009186      -4.71512365    
  0.680409193      -4.71904373    
  0.680809200      -4.72296381    
  0.681209207      -4.72688389    
  0.681609213      -4.73080397    
  0.682009220      -4.73472404    
  0.682409227      -4.73864412    
  0.682809234      -4.74256420    
  0.683209240      -4.74648428    
  0.683609247      -4.75040436    
  0.684009254      -4.75432444    
  0.684409261      -4.75824451    
  0.684809268      -4.76216459    
  0.685209274      -4.76608467    
  0.685609281      -4.77000475    
  0.686009288      -4.77392483    
  0.686409295      -4.77784491    
  0.686809301      -4.78176498    
  0.687209308      -4.78568506    
  0.687609315      -4.78960514    
  0.688009322      -4.79352522    
  0.688409328      -4.79744530    
  0.688809335      -4.80136538    
  0.689209342      -4.80528545    
  0.689609349      -4.80920553    
  0.690009356      -4.81312561    
  0.690409362      -4.81704569    
  0.690809369      -4.82096577    
  0.691209376      -4.82488585    
  0.691609383      -4.82880592    
  0.692009389      -4.83272600    
  0.692409396      -4.83664608    
  0.692809403      -4.84056616    
  0.693209410      -4.84448624    
  0.693609416      -4.84840631    
  0.694009423      -4.85232639    
  0.694409430      -4.85624647    
  0.694809437      -4.86016655    
  0.695209444      -4.86408663    
  0.695609450      -4.86800671    
  0.696009457      -4.87192678    
  0.696409464      -4.87584686    
  0.696809471      -4.87976694    
  0.697209477      -4.88368702    
  0.697609484      -4.88760710    
  0.698009491      -4.89152718    
  0.698409498      -4.89544725    
  0.698809505      -4.89936733    
  0.699209511      -4.90328741    
  0.699609518      -4.90720749    
  0.700009525      -4.91112757    
  0.700409532      -4.91504765    
  0.700809538      -4.91896772    
  0.701209545      -4.92288780    
  0.701609552      -4.92680788    
  0.702009559      -4.93072796    
  0.702409565      -4.93464804    
  0.702809572      -4.93856812    
  0.703209579      -4.94248819    
  0.703609586      -4.94640827    
  0.704009593      -4.95032835    
  0.704409599      -4.95424843    
  0.704809606      -4.95816851    
  0.705209613      -4.96208858    
  0.705609620      -4.96600866    
  0.706009626      -4.96992874    
  0.706409633      -4.97384882    
  0.706809640      -4.97776890    
  0.707209647      -4.98168898    
  0.707609653      -4.98560905    
  0.708009660      -4.98952913    
  0.708409667      -4.99344921    
  0.708809674      -4.99736929    
  0.709209681      -5.00128937    
  0.709609687      -5.00520945    
  0.710009694      -5.00912952    
  0.710409701      -5.01304960    
  0.710809708      -5.01696968    
  0.711209714      -5.02088976    
  0.711609721      -5.02480984    
  0.712009728      -5.02872992    
  0.712409735      -5.03264999    
  0.712809741      -5.03657007    
