   1.88582286E-03   0.00000000       1.10078037    
   3.77164572E-03   0.00000000       1.10155916    
   5.65746846E-03   0.00000000       1.10233629    
   7.54329143E-03   0.00000000       1.10311198    
   9.42911394E-03   0.00000000       1.10388601    
   1.13149369E-02   0.00000000       1.10465860    
   1.32007599E-02   0.00000000       1.10542953    
   1.50865829E-02   0.00000000       1.10619891    
   1.69724058E-02   0.00000000       1.10696673    
   1.88582279E-02   0.00000000       1.10773289    
   2.07440499E-02   0.00000000       1.10849762    
   2.26298720E-02   0.00000000       1.10926068    
   2.45156940E-02   0.00000000       1.11002231    
   2.64015161E-02   0.00000000       1.11078215    
   2.82873381E-02   0.00000000       1.11154056    
   3.01731601E-02   0.00000000       1.11229730    
   3.20589840E-02   0.00000000       1.11305261    
   3.39448079E-02   0.00000000       1.11380625    
   3.58306319E-02   0.00000000       1.11455846    
   3.77164558E-02   0.00000000       1.11530900    
   3.96022797E-02   0.00000000       1.11605811    
   4.14881036E-02   0.00000000       1.11680543    
   4.33739275E-02   0.00000000       1.11755133    
   4.52597514E-02   0.00000000       1.11829555    
   4.71455753E-02   0.00000000       1.11903834    
   4.90313992E-02   0.00000000       1.11977947    
   5.09172231E-02   0.00000000       1.12051904    
   5.28030470E-02   0.00000000       1.12125707    
   5.46888709E-02   0.00000000       1.12199342    
   5.65746948E-02   0.00000000       1.12272835    
   5.84605187E-02   0.00000000       1.12346160    
   6.03463426E-02   0.00000000       1.12419343    
   6.22321665E-02   0.00000000       1.12492359    
   6.41179904E-02   0.00000000       1.12565219    
   6.60038143E-02   0.00000000       1.12637925    
   6.78896382E-02   0.00000000       1.12710464    
   6.97754622E-02   0.00000000       1.12782860    
   7.16612861E-02   0.00000000       1.12855089    
   7.35471100E-02   0.00000000       1.12927175    
   7.54329339E-02   0.00000000       1.12999082    
   7.73187578E-02   0.00000000       1.13070846    
   7.92045817E-02   0.00000000       1.13142443    
   8.10904056E-02   0.00000000       1.13213897    
   8.29762295E-02   0.00000000       1.13285184    
   8.48620534E-02   0.00000000       1.13356328    
   8.67478773E-02   0.00000000       1.13427305    
   8.86337012E-02   0.00000000       1.13498139    
   9.05195251E-02   0.00000000       1.13568795    
   9.24053490E-02   0.00000000       1.13639307    
   9.42911729E-02   0.00000000       1.13709652    
   9.61769968E-02   0.00000000       1.13779855    
   9.80628207E-02   0.00000000       1.13849890    
   9.99486446E-02   0.00000000       1.13919783    
  0.101834469       0.00000000       1.13989496    
  0.103720292       0.00000000       1.14059067    
  0.105606116       0.00000000       1.14128470    
  0.107491940       0.00000000       1.14197731    
  0.109377764       0.00000000       1.14266825    
  0.111263588       0.00000000       1.14335775    
  0.113149412       0.00000000       1.14404559    
  0.115035236       0.00000000       1.14473176    
  0.116921060       0.00000000       1.14541650    
  0.118806884       0.00000000       1.14609957    
  0.120692708       0.00000000       1.14678121    
  0.122578532       0.00000000       1.14746118    
  0.124464355       0.00000000       1.14813972    
  0.126350179       0.00000000       1.14881659    
  0.128235996       0.00000000       1.14949179    
  0.130121812       0.00000000       1.15016556    
  0.132007629       0.00000000       1.15083766    
  0.133893445       0.00000000       1.15150833    
  0.135779262       0.00000000       1.15217733    
  0.137665078       0.00000000       1.15284491    
  0.139550894       0.00000000       1.15351069    
  0.141436711       0.00000000       1.15417504    
  0.143322527       0.00000000       1.15483773    
  0.145208344       0.00000000       1.15549898    
  0.147094160       0.00000000       1.15615857    
  0.148979977       0.00000000       1.15681672    
  0.150865793       0.00000000       1.15747309    
  0.152751610       0.00000000       1.15812802    
  0.154637426       0.00000000       1.15878129    
  0.156523243       0.00000000       1.15943313    
  0.158409059       0.00000000       1.16008329    
  0.160294876       0.00000000       1.16073203    
  0.162180692       0.00000000       1.16137910    
  0.164066508       0.00000000       1.16202450    
  0.165952325       0.00000000       1.16266847    
  0.167838141       0.00000000       1.16331077    
  0.169723958       0.00000000       1.16395164    
  0.171609774       0.00000000       1.16459084    
  0.173495591       0.00000000       1.16522861    
  0.175381407       0.00000000       1.16586471    
  0.177267224       0.00000000       1.16649914    
  0.179153040       0.00000000       1.16713214    
  0.181038857       0.00000000       1.16776347    
  0.182924673       0.00000000       1.16839337    
  0.184810489       0.00000000       1.16902161    
  0.186696306       0.00000000       1.16964841    
  0.188582122       0.00000000       1.17027342    
  0.190467939       0.00000000       1.17089701    
  0.192353755       0.00000000       1.17151892    
  0.194239572       0.00000000       1.17213941    
  0.196125388       0.00000000       1.17275822    
  0.198011205       0.00000000       1.17337561    
  0.199897021       0.00000000       1.17399120    
  0.201782838       0.00000000       1.17460537    
  0.203668654       0.00000000       1.17521787    
  0.205554470       0.00000000       1.17582893    
  0.207440287       0.00000000       1.17643833    
  0.209326103       0.00000000       1.17704630    
  0.211211920       0.00000000       1.17765260    
  0.213097736       0.00000000       1.17825723    
  0.214983553       0.00000000       1.17886043    
  0.216869369       0.00000000       1.17946196    
  0.218755186       0.00000000       1.18006206    
  0.220641002       0.00000000       1.18066049    
  0.222526819       0.00000000       1.18125749    
  0.224412635       0.00000000       1.18185282    
  0.226298451       0.00000000       1.18244648    
  0.228184268       0.00000000       1.18303871    
  0.230070084       0.00000000       1.18362927    
  0.231955901       0.00000000       1.18421841    
  0.233841717       0.00000000       1.18480587    
  0.235727534       0.00000000       1.18539190    
  0.237613350       0.00000000       1.18597615    
  0.239499167       0.00000000       1.18655896    
  0.241384983       0.00000000       1.18714011    
  0.243270800       0.00000000       1.18771982    
  0.245156616       0.00000000       1.18829787    
  0.247042432       0.00000000       1.18887448    
  0.248928249       0.00000000       1.18944931    
  0.250814080       0.00000000       1.19002271    
  0.252699912       0.00000000       1.19059443    
  0.254585743       0.00000000       1.19116473    
  0.256471574       0.00000000       1.19173336    
  0.258357406       0.00000000       1.19230056    
  0.260243237       0.00000000       1.19286609    
  0.262129068       0.00000000       1.19342995    
  0.264014900       0.00000000       1.19399238    
  0.265900731       0.00000000       1.19455314    
  0.267786562       0.00000000       1.19511247    
  0.269672394       0.00000000       1.19567013    
  0.271558225       0.00000000       1.19622636    
  0.273444057       0.00000000       1.19678092    
  0.275329888       0.00000000       1.19733381    
  0.277215719       0.00000000       1.19788527    
  0.279101551       0.00000000       1.19843507    
  0.280987382       0.00000000       1.19898343    
  0.282873213       0.00000000       1.19953012    
  0.284759045       0.00000000       1.20007539    
  0.286644876       0.00000000       1.20061886    
  0.288530707       0.00000000       1.20116091    
  0.290416539       0.00000000       1.20170128    
  0.292302370       0.00000000       1.20224023    
  0.294188201       0.00000000       1.20277750    
  0.296074033       0.00000000       1.20331335    
  0.297959864       0.00000000       1.20384741    
  0.299845695       0.00000000       1.20438004    
  0.301731527       0.00000000       1.20491099    
  0.303617358       0.00000000       1.20544052    
  0.305503190       0.00000000       1.20596838    
  0.307389021       0.00000000       1.20649481    
  0.309274852       0.00000000       1.20701957    
  0.311160684       0.00000000       1.20754266    
  0.313046515       0.00000000       1.20806432    
  0.314932346       0.00000000       1.20858431    
  0.316818178       0.00000000       1.20910287    
  0.318704009       0.00000000       1.20961976    
  0.320589840       0.00000000       1.21013522    
  0.322475672       0.00000000       1.21064901    
  0.324361503       0.00000000       1.21116114    
  0.326247334       0.00000000       1.21167183    
  0.328133166       0.00000000       1.21218085    
  0.330018997       0.00000000       1.21268845    
  0.331904829       0.00000000       1.21319437    
  0.333790660       0.00000000       1.21369886    
  0.335676491       0.00000000       1.21420169    
  0.337562323       0.00000000       1.21470284    
  0.339448154       0.00000000       1.21520257    
  0.341333985       0.00000000       1.21570063    
  0.343219817       0.00000000       1.21619725    
  0.345105648       0.00000000       1.21669221    
  0.346991479       0.00000000       1.21718574    
  0.348877311       0.00000000       1.21767747    
  0.350763142       0.00000000       1.21816778    
  0.352648973       0.00000000       1.21865642    
  0.354534805       0.00000000       1.21914363    
  0.356420636       0.00000000       1.21962917    
  0.358306468       0.00000000       1.22011328    
  0.360192299       0.00000000       1.22059560    
  0.362078130       0.00000000       1.22107649    
  0.363963962       0.00000000       1.22155571    
  0.365849793       0.00000000       1.22203350    
  0.367735624       0.00000000       1.22250962    
  0.369621456       0.00000000       1.22298431    
  0.371507287       0.00000000       1.22345734    
  0.373393118       0.00000000       1.22392869    
  0.375278950       0.00000000       1.22439861    
  0.377164781       0.00000000       1.22486687    
  0.379050612       0.00000000       1.22533369    
  0.380936444       0.00000000       1.22579885    
  0.382822275       0.00000000       1.22626257    
  0.384708107       0.00000000       1.22672462    
  0.386593938       0.00000000       1.22718501    
  0.388479769       0.00000000       1.22764397    
  0.390365601       0.00000000       1.22810125    
  0.392251432       0.00000000       1.22855711    
  0.394137263       0.00000000       1.22901130    
  0.396023095       0.00000000       1.22946405    
  0.397908926       0.00000000       1.22991502    
  0.399794757       0.00000000       1.23036456    
  0.401680589       0.00000000       1.23081243    
  0.403566420       0.00000000       1.23125887    
  0.405452251       0.00000000       1.23170364    
  0.407338083       0.00000000       1.23214698    
  0.409223914       0.00000000       1.23258853    
  0.411109746       0.00000000       1.23302865    
  0.412995577       0.00000000       1.23346710    
  0.414881408       0.00000000       1.23390412    
  0.416767240       0.00000000       1.23433948    
  0.418653071       0.00000000       1.23477340    
  0.420538902       0.00000000       1.23520565    
  0.422424734       0.00000000       1.23563623    
  0.424310565       0.00000000       1.23606539    
  0.426196396       0.00000000       1.23649287    
  0.428082228       0.00000000       1.23691893    
  0.429968059       0.00000000       1.23734331    
  0.431853890       0.00000000       1.23776627    
  0.433739722       0.00000000       1.23818755    
  0.435625553       0.00000000       1.23860717    
  0.437511384       0.00000000       1.23902535    
  0.439397216       0.00000000       1.23944187    
  0.441283047       0.00000000       1.23985696    
  0.443168879       0.00000000       1.24027038    
  0.445054710       0.00000000       1.24068236    
  0.446940541       0.00000000       1.24109256    
  0.448826373       0.00000000       1.24150133    
  0.450712204       0.00000000       1.24190843    
  0.452598035       0.00000000       1.24231410    
  0.454483867       0.00000000       1.24271810    
  0.456369698       0.00000000       1.24312067    
  0.458255529       0.00000000       1.24352145    
  0.460141361       0.00000000       1.24392080    
  0.462027192       0.00000000       1.24431849    
  0.463913023       0.00000000       1.24471474    
  0.465798855       0.00000000       1.24510932    
  0.467684686       0.00000000       1.24550247    
  0.469570518       0.00000000       1.24589396    
  0.471456349       0.00000000       1.24628377    
  0.473342180       0.00000000       1.24667215    
  0.475228012       0.00000000       1.24705887    
  0.477113843       0.00000000       1.24744415    
  0.478999674       0.00000000       1.24782777    
  0.480885506       0.00000000       1.24820995    
  0.482771337       0.00000000       1.24859047    
  0.484657168       0.00000000       1.24896932    
  0.486543000       0.00000000       1.24934673    
  0.488428831       0.00000000       1.24972248    
  0.490314662       0.00000000       1.25009680    
  0.492200494       0.00000000       1.25046945    
  0.494086325       0.00000000       1.25084066    
  0.495972157       0.00000000       1.25121009    
  0.497857988       0.00000000       1.25157809    
  0.499743819       0.00000000       1.25194442    
  0.501629651       0.00000000       1.25230932    
  0.503515482       0.00000000       1.25267255    
  0.505401313       0.00000000       1.25303435    
  0.507287145       0.00000000       1.25339437    
  0.509172976       0.00000000       1.25375295    
  0.511058807       0.00000000       1.25410986    
  0.512944639       0.00000000       1.25446534    
  0.514830470       0.00000000       1.25481915    
  0.516716301       0.00000000       1.25517154    
  0.518602133       0.00000000       1.25552225    
  0.520487964       0.00000000       1.25587130    
  0.522373796       0.00000000       1.25621891    
  0.524259627       0.00000000       1.25656486    
  0.526145458       0.00000000       1.25690937    
  0.528031290       0.00000000       1.25725222    
  0.529917121       0.00000000       1.25759363    
  0.531802952       0.00000000       1.25793338    
  0.533688784       0.00000000       1.25827146    
  0.535574615       0.00000000       1.25860810    
  0.537460446       0.00000000       1.25894308    
  0.539346278       0.00000000       1.25927663    
  0.541232109       0.00000000       1.25960851    
  0.543117940       0.00000000       1.25993896    
  0.545003772       0.00000000       1.26026762    
  0.546889603       0.00000000       1.26059484    
  0.548775434       0.00000000       1.26092041    
  0.550661266       0.00000000       1.26124454    
  0.552547097       0.00000000       1.26156700    
  0.554432929       0.00000000       1.26188803    
  0.556318760       0.00000000       1.26220727    
  0.558204591       0.00000000       1.26252508    
  0.560090423       0.00000000       1.26284122    
  0.561976254       0.00000000       1.26315594    
  0.563862085       0.00000000       1.26346898    
  0.565747917       0.00000000       1.26378059    
  0.567633748       0.00000000       1.26409054    
  0.569519579       0.00000000       1.26439881    
  0.571405411       0.00000000       1.26470566    
  0.573291242       0.00000000       1.26501083    
  0.575177073       0.00000000       1.26531458    
  0.577062905       0.00000000       1.26561666    
  0.578948736       0.00000000       1.26591730    
  0.580834568       0.00000000       1.26621628    
  0.582720399       0.00000000       1.26651359    
  0.584606230       0.00000000       1.26680946    
  0.586492062       0.00000000       1.26710367    
  0.588377893       0.00000000       1.26739645    
  0.590263724       0.00000000       1.26768756    
  0.592149556       0.00000000       1.26797724    
  0.594035387       0.00000000       1.26826525    
  0.595921218       0.00000000       1.26855159    
  0.597807050       0.00000000       1.26883650    
  0.599692881       0.00000000       1.26911974    
  0.601578712       0.00000000       1.26940155    
  0.603464544       0.00000000       1.26968169    
  0.605350375       0.00000000       1.26996040    
  0.607236207       0.00000000       1.27023733    
  0.609122038       0.00000000       1.27051282    
  0.611007869       0.00000000       1.27078664    
  0.612893701       0.00000000       1.27105904    
  0.614779532       0.00000000       1.27132976    
  0.616665363       0.00000000       1.27159905    
  0.618551195       0.00000000       1.27186656    
  0.620437026       0.00000000       1.27213264    
  0.622322857       0.00000000       1.27239704    
  0.624208689       0.00000000       1.27266002    
  0.626094520       0.00000000       1.27292132    
  0.627980351       0.00000000       1.27318120    
  0.629866183       0.00000000       1.27343941    
  0.631752014       0.00000000       1.27369595    
  0.633637846       0.00000000       1.27395105    
  0.635523677       0.00000000       1.27420449    
  0.637409508       0.00000000       1.27445650    
  0.639295340       0.00000000       1.27470684    
  0.641181171       0.00000000       1.27495575    
  0.643067002       0.00000000       1.27520299    
  0.644952834       0.00000000       1.27544856    
  0.646838665       0.00000000       1.27569270    
  0.648724496       0.00000000       1.27593517    
  0.650610328       0.00000000       1.27617621    
  0.652496159       0.00000000       1.27641559    
  0.654381990       0.00000000       1.27665353    
  0.656267822       0.00000000       1.27688968    
  0.658153653       0.00000000       1.27712440    
  0.660039485       0.00000000       1.27735746    
  0.661925316       0.00000000       1.27758908    
  0.663811147       0.00000000       1.27781904    
  0.665696979       0.00000000       1.27804756    
  0.667582810       0.00000000       1.27827430    
  0.669468641       0.00000000       1.27849960    
  0.671354473       0.00000000       1.27872324    
  0.673240304       0.00000000       1.27894545    
  0.675126135       0.00000000       1.27916598    
  0.677011967       0.00000000       1.27938509    
  0.678897798       0.00000000       1.27960253    
  0.680783629       0.00000000       1.27981830    
  0.682669461       0.00000000       1.28003263    
  0.684555292       0.00000000       1.28024530    
  0.686441123       0.00000000       1.28045654    
  0.688326955       0.00000000       1.28066611    
  0.690212786       0.00000000       1.28087425    
  0.692098618       0.00000000       1.28108072    
  0.693984449       0.00000000       1.28128552    
  0.695870280       0.00000000       1.28148890    
  0.697756112       0.00000000       1.28169060    
  0.699641943       0.00000000       1.28189087    
  0.701527774       0.00000000       1.28208947    
  0.703413606       0.00000000       1.28228664    
  0.705299437       0.00000000       1.28248203    
  0.707185268       0.00000000       1.28267598    
  0.709071100       0.00000000       1.28286827    
  0.710956931       0.00000000       1.28305912    
  0.712842762       0.00000000       1.28324831    
  0.714728594       0.00000000       1.28343606    
  0.716614425       0.00000000       1.28362203    
  0.718500257       0.00000000       1.28380656    
  0.720386088       0.00000000       1.28398943    
  0.722271919       0.00000000       1.28417087    
  0.724157751       0.00000000       1.28435063    
  0.726043582       0.00000000       1.28452897    
  0.727929413       0.00000000       1.28470564    
  0.729815245       0.00000000       1.28488064    
  0.731701076       0.00000000       1.28505421    
  0.733586907       0.00000000       1.28522611    
  0.735472739       0.00000000       1.28539658    
  0.737358570       0.00000000       1.28556538    
  0.739244401       0.00000000       1.28573275    
  0.741130233       0.00000000       1.28589845    
  0.743016064       0.00000000       1.28606248    
  0.744901896       0.00000000       1.28622508    
  0.746787727       0.00000000       1.28638601    
  0.748673558       0.00000000       1.28654552    
  0.750559390       0.00000000       1.28670335    
  0.752445221       0.00000000       1.28685975    
  0.754331052       0.00000000       1.28701437    
  0.756216884       0.00000000       1.28716755    
  0.758102715       0.00000000       1.28731906    
  0.759988546       0.00000000       1.28746915    
  0.761874378       0.00000000       1.28761756    
  0.763760209       0.00000000       1.28776455    
  0.765646040       0.00000000       1.28790975    
  0.767531872       0.00000000       1.28805351    
  0.769417703       0.00000000       1.28819561    
  0.771303535       0.00000000       1.28833628    
  0.773189366       0.00000000       1.28847528    
  0.775075197       0.00000000       1.28861284    
  0.776961029       0.00000000       1.28874874    
  0.778846860       0.00000000       1.28888297    
  0.780732691       0.00000000       1.28901577    
  0.782618523       0.00000000       1.28914690    
  0.784504354       0.00000000       1.28927660    
  0.786390185       0.00000000       1.28940463    
  0.788276017       0.00000000       1.28953123    
  0.790161848       0.00000000       1.28965616    
  0.792047679       0.00000000       1.28977942    
  0.793933511       0.00000000       1.28990126    
  0.795819342       0.00000000       1.29002142    
  0.797705173       0.00000000       1.29014015    
  0.799591005       0.00000000       1.29025722    
  0.801476836       0.00000000       1.29037285    
  0.803362668       0.00000000       1.29048669    
  0.805248499       0.00000000       1.29059911    
  0.807134330       0.00000000       1.29070985    
  0.809020162       0.00000000       1.29081917    
  0.810905993       0.00000000       1.29092681    
  0.812791824       0.00000000       1.29103303    
  0.814677656       0.00000000       1.29113746    
  0.816563487       0.00000000       1.29124045    
  0.818449318       0.00000000       1.29134178    
  0.820335150       0.00000000       1.29144168    
  0.822220981       0.00000000       1.29153991    
  0.824106812       0.00000000       1.29163671    
  0.825992644       0.00000000       1.29173183    
  0.827878475       0.00000000       1.29182529    
  0.829764307       0.00000000       1.29191732    
  0.831650138       0.00000000       1.29200768    
  0.833535969       0.00000000       1.29209661    
  0.835421801       0.00000000       1.29218388    
  0.837307632       0.00000000       1.29226971    
  0.839193463       0.00000000       1.29235387    
  0.841079295       0.00000000       1.29243636    
  0.842965126       0.00000000       1.29251742    
  0.844850957       0.00000000       1.29259682    
  0.846736789       0.00000000       1.29267478    
  0.848622620       0.00000000       1.29275107    
  0.850508451       0.00000000       1.29282594    
  0.852394283       0.00000000       1.29289901    
  0.854280114       0.00000000       1.29297066    
  0.856165946       0.00000000       1.29304063    
  0.858051777       0.00000000       1.29310918    
  0.859937608       0.00000000       1.29317605    
  0.861823440       0.00000000       1.29324150    
  0.863709271       0.00000000       1.29330516    
  0.865595102       0.00000000       1.29336739    
  0.867480934       0.00000000       1.29342794    
  0.869366765       0.00000000       1.29348707    
  0.871252596       0.00000000       1.29354453    
  0.873138428       0.00000000       1.29360056    
  0.875024259       0.00000000       1.29365492    
  0.876910090       0.00000000       1.29370785    
  0.878795922       0.00000000       1.29375899    
  0.880681753       0.00000000       1.29380870    
  0.882567585       0.00000000       1.29385674    
  0.884453416       0.00000000       1.29390335    
  0.886339247       0.00000000       1.29394829    
  0.888225079       0.00000000       1.29399168    
  0.890110910       0.00000000       1.29403353    
  0.891996741       0.00000000       1.29407370    
  0.893882573       0.00000000       1.29411244    
  0.895768404       0.00000000       1.29414952    
  0.897654235       0.00000000       1.29418516    
  0.899540067       0.00000000       1.29421914    
  0.901425898       0.00000000       1.29425156    
  0.903311729       0.00000000       1.29428244    
  0.905197561       0.00000000       1.29431164    
  0.907083392       0.00000000       1.29433942    
  0.908969223       0.00000000       1.29436553    
  0.910855055       0.00000000       1.29439020    
  0.912740886       0.00000000       1.29441309    
  0.914626718       0.00000000       1.29443455    
  0.916512549       0.00000000       1.29445434    
  0.918398380       0.00000000       1.29447269    
  0.920284212       0.00000000       1.29448938    
  0.922170043       0.00000000       1.29450464    
  0.924055874       0.00000000       1.29451823    
  0.925941706       0.00000000       1.29453039    
  0.927827537       0.00000000       1.29454076    
  0.929713368       0.00000000       1.29454970    
  0.931599200       0.00000000       1.29455698    
  0.933485031       0.00000000       1.29456282    
  0.935370862       0.00000000       1.29456699    
  0.937256694       0.00000000       1.29456961    
  0.939142525       0.00000000       1.29457068    
  0.941028357       0.00000000       1.29457009    
  0.942914188       0.00000000       1.29456806    
  0.944800019       0.00000000       1.29456437    
  0.946685851       0.00000000       1.29455924    
  0.948571682       0.00000000       1.29455245    
  0.950457513       0.00000000       1.29454410    
  0.952343345       0.00000000       1.29453421    
  0.954229176       0.00000000       1.29452264    
  0.956115007       0.00000000       1.29450965    
  0.958000839       0.00000000       1.29449499    
  0.959886670       0.00000000       1.29447889    
  0.961772501       0.00000000       1.29446101    
  0.963658333       0.00000000       1.29444170    
  0.965544164       0.00000000       1.29442072    
  0.967429996       0.00000000       1.29439831    
  0.969315827       0.00000000       1.29437423    
  0.971201658       0.00000000       1.29434872    
  0.973087490       0.00000000       1.29432154    
  0.974973321       0.00000000       1.29429293    
  0.976859152       0.00000000       1.29426253    
  0.978744984       0.00000000       1.29423070    
  0.980630815       0.00000000       1.29419720    
  0.982516646       0.00000000       1.29416227    
  0.984402478       0.00000000       1.29412568    
  0.986288309       0.00000000       1.29408753    
  0.988174140       0.00000000       1.29404783    
  0.990059972       0.00000000       1.29400647    
  0.991945803       0.00000000       1.29396367    
  0.993831635       0.00000000       1.29391921    
  0.995717466       0.00000000       1.29387331    
  0.997603297       0.00000000       1.29382575    
  0.999489129       0.00000000       1.29377663    
   1.00137496       0.00000000       1.29372597    
   1.00326073       0.00000000       1.29367363    
   1.00514650       0.00000000       1.29361987    
   1.00703228       0.00000000       1.29356444    
   1.00891805       0.00000000       1.29350758    
   1.01080382       0.00000000       1.29344893    
   1.01268959       0.00000000       1.29338884    
   1.01457536       0.00000000       1.29332709    
   1.01646113       0.00000000       1.29326391    
   1.01834691       0.00000000       1.29319906    
   1.02023268       0.00000000       1.29313278    
   1.02211845       0.00000000       1.29306483    
   1.02400422       0.00000000       1.29299545    
   1.02588999       0.00000000       1.29292428    
   1.02777576       0.00000000       1.29285169    
   1.02966154       0.00000000       1.29277742    
   1.03154731       0.00000000       1.29270172    
   1.03343308       0.00000000       1.29262435    
   1.03531885       0.00000000       1.29254544    
   1.03720462       0.00000000       1.29246497    
   1.03909039       0.00000000       1.29238284    
   1.04097617       0.00000000       1.29229927    
   1.04286194       0.00000000       1.29221404    
   1.04474771       0.00000000       1.29212737    
   1.04663348       0.00000000       1.29203904    
   1.04851925       0.00000000       1.29194915    
   1.05040503       0.00000000       1.29185772    
   1.05229080       0.00000000       1.29176462    
   1.05417657       0.00000000       1.29167008    
   1.05606234       0.00000000       1.29157388    
   1.05794811       0.00000000       1.29147625    
   1.05983388       0.00000000       1.29137683    
   1.06171966       0.00000000       1.29127598    
   1.06360543       0.00000000       1.29117346    
   1.06549120       0.00000000       1.29106951    
   1.06737697       0.00000000       1.29096389    
   1.06926274       0.00000000       1.29085684    
   1.07114851       0.00000000       1.29074812    
   1.07303429       0.00000000       1.29063797    
   1.07492006       0.00000000       1.29052603    
   1.07680583       0.00000000       1.29041266    
   1.07869160       0.00000000       1.29029763    
   1.08057737       0.00000000       1.29018116    
   1.08246315       0.00000000       1.29006302    
   1.08434892       0.00000000       1.28994334    
   1.08623469       0.00000000       1.28982210    
   1.08812046       0.00000000       1.28969920    
   1.09000623       0.00000000       1.28957486    
   1.09189200       0.00000000       1.28944886    
   1.09377778       0.00000000       1.28932142    
   1.09566355       0.00000000       1.28919232    
   1.09754932       0.00000000       1.28906167    
   1.09943509       0.00000000       1.28892946    
   1.10132086       0.00000000       1.28879559    
   1.10320663       0.00000000       1.28866029    
   1.10509241       0.00000000       1.28852332    
   1.10697818       0.00000000       1.28838491    
   1.10886395       0.00000000       1.28824472    
   1.11074972       0.00000000       1.28810310    
   1.11263549       0.00000000       1.28795981    
   1.11452127       0.00000000       1.28781509    
   1.11640704       0.00000000       1.28766870    
   1.11829281       0.00000000       1.28752089    
   1.12017858       0.00000000       1.28737140    
   1.12206435       0.00000000       1.28722048    
   1.12395012       0.00000000       1.28706777    
   1.12583590       0.00000000       1.28691363    
   1.12772167       0.00000000       1.28675783    
   1.12960744       0.00000000       1.28660059    
   1.13149321       0.00000000       1.28644168    
   1.13337898       0.00000000       1.28628123    
   1.13526475       0.00000000       1.28611922    
   1.13715053       0.00000000       1.28595555    
   1.13903630       0.00000000       1.28579044    
   1.14092207       0.00000000       1.28562367    
   1.14280784       0.00000000       1.28545547    
   1.14469361       0.00000000       1.28528559    
   1.14657938       0.00000000       1.28511417    
   1.14846516       0.00000000       1.28494120    
   1.15035093       0.00000000       1.28476655    
   1.15223670       0.00000000       1.28459048    
   1.15412247       0.00000000       1.28441274    
   1.15600824       0.00000000       1.28423357    
   1.15789402       0.00000000       1.28405273    
   1.15977979       0.00000000       1.28387034    
   1.16166556       0.00000000       1.28368640    
   1.16355133       0.00000000       1.28350079    
   1.16543710       0.00000000       1.28331375    
   1.16732287       0.00000000       1.28312504    
   1.16920865       0.00000000       1.28293490    
   1.17109442       0.00000000       1.28274298    
   1.17298019       0.00000000       1.28254962    
   1.17486596       0.00000000       1.28235459    
   1.17675173       0.00000000       1.28215814    
   1.17863750       0.00000000       1.28196001    
   1.18052328       0.00000000       1.28176045    
   1.18240905       0.00000000       1.28155923    
   1.18429482       0.00000000       1.28135657    
   1.18618059       0.00000000       1.28115213    
   1.18806636       0.00000000       1.28094625    
   1.18995214       0.00000000       1.28073871    
   1.19183791       0.00000000       1.28052974    
   1.19372368       0.00000000       1.28031909    
   1.19560945       0.00000000       1.28010690    
   1.19749522       0.00000000       1.27989316    
   1.19938099       0.00000000       1.27967775    
   1.20126677       0.00000000       1.27946091    
   1.20315254       0.00000000       1.27924240    
   1.20503831       0.00000000       1.27902246    
   1.20692408       0.00000000       1.27880085    
   1.20880985       0.00000000       1.27857769    
   1.21069562       0.00000000       1.27835298    
   1.21258140       0.00000000       1.27812660    
   1.21446717       0.00000000       1.27789879    
   1.21635294       0.00000000       1.27766931    
   1.21823871       0.00000000       1.27743840    
   1.22012448       0.00000000       1.27720571    
   1.22201025       0.00000000       1.27697158    
   1.22389603       0.00000000       1.27673578    
   1.22578180       0.00000000       1.27649856    
   1.22766757       0.00000000       1.27625966    
   1.22955334       0.00000000       1.27601933    
   1.23143911       0.00000000       1.27577734    
   1.23332489       0.00000000       1.27553391    
   1.23521066       0.00000000       1.27528870    
   1.23709643       0.00000000       1.27504206    
   1.23898220       0.00000000       1.27479374    
   1.24086797       0.00000000       1.27454400    
   1.24275374       0.00000000       1.27429259    
   1.24463952       0.00000000       1.27403963    
   1.24652529       0.00000000       1.27378511    
   1.24841106       0.00000000       1.27352893    
   1.25029683       0.00000000       1.27327132    
   1.25218260       0.00000000       1.27301204    
   1.25406837       0.00000000       1.27275133    
   1.25595415       0.00000000       1.27248895    
   1.25783992       0.00000000       1.27222502    
   1.25972569       0.00000000       1.27195954    
   1.26161146       0.00000000       1.27169240    
   1.26349723       0.00000000       1.27142382    
   1.26538301       0.00000000       1.27115357    
   1.26726878       0.00000000       1.27088189    
   1.26915455       0.00000000       1.27060843    
   1.27104032       0.00000000       1.27033353    
   1.27292609       0.00000000       1.27005696    
   1.27481186       0.00000000       1.26977897    
   1.27669764       0.00000000       1.26949930    
   1.27858341       0.00000000       1.26921821    
   1.28046918       0.00000000       1.26893544    
   1.28235495       0.00000000       1.26865125    
   1.28424072       0.00000000       1.26836526    
   1.28612649       0.00000000       1.26807785    
   1.28801227       0.00000000       1.26778877    
   1.28989804       0.00000000       1.26749825    
   1.29178381       0.00000000       1.26720607    
   1.29366958       0.00000000       1.26691234    
   1.29555535       0.00000000       1.26661706    
   1.29744112       0.00000000       1.26632011    
   1.29932690       0.00000000       1.26602173    
   1.30121267       0.00000000       1.26572168    
   1.30309844       0.00000000       1.26542020    
   1.30498421       0.00000000       1.26511705    
   1.30686998       0.00000000       1.26481235    
   1.30875576       0.00000000       1.26450610    
   1.31064153       0.00000000       1.26419818    
   1.31252730       0.00000000       1.26388884    
   1.31441307       0.00000000       1.26357782    
   1.31629884       0.00000000       1.26326537    
   1.31818461       0.00000000       1.26295114    
   1.32007039       0.00000000       1.26263547    
   1.32195616       0.00000000       1.26231813    
   1.32384193       0.00000000       1.26199937    
   1.32572770       0.00000000       1.26167893    
   1.32761347       0.00000000       1.26135707    
   1.32949924       0.00000000       1.26103354    
   1.33138502       0.00000000       1.26070857    
   1.33327079       0.00000000       1.26038182    
   1.33515656       0.00000000       1.26005363    
   1.33704233       0.00000000       1.25972378    
   1.33892810       0.00000000       1.25939250    
   1.34081388       0.00000000       1.25905955    
   1.34269965       0.00000000       1.25872505    
   1.34458542       0.00000000       1.25838900    
   1.34647119       0.00000000       1.25805128    
   1.34835696       0.00000000       1.25771213    
   1.35024273       0.00000000       1.25737131    
   1.35212851       0.00000000       1.25702906    
   1.35401428       0.00000000       1.25668514    
   1.35590005       0.00000000       1.25633967    
   1.35778582       0.00000000       1.25599265    
   1.35967159       0.00000000       1.25564396    
   1.36155736       0.00000000       1.25529385    
   1.36344314       0.00000000       1.25494206    
   1.36532891       0.00000000       1.25458884    
   1.36721468       0.00000000       1.25423384    
   1.36910045       0.00000000       1.25387740    
   1.37098622       0.00000000       1.25351930    
   1.37287199       0.00000000       1.25315976    
   1.37475777       0.00000000       1.25279856    
   1.37664354       0.00000000       1.25243592    
   1.37852931       0.00000000       1.25207162    
   1.38041508       0.00000000       1.25170588    
   1.38230085       0.00000000       1.25133836    
   1.38418663       0.00000000       1.25096941    
   1.38607240       0.00000000       1.25059879    
   1.38795817       0.00000000       1.25022674    
   1.38984394       0.00000000       1.24985301    
   1.39172971       0.00000000       1.24947774    
   1.39361548       0.00000000       1.24910092    
   1.39550126       0.00000000       1.24872243    
   1.39738703       0.00000000       1.24834251    
   1.39927280       0.00000000       1.24796093    
   1.40115857       0.00000000       1.24757791    
   1.40304434       0.00000000       1.24719322    
   1.40493011       0.00000000       1.24680698    
   1.40681589       0.00000000       1.24641919    
   1.40870166       0.00000000       1.24602973    
   1.41058743       0.00000000       1.24563885    
   1.41247320       0.00000000       1.24524629    
   1.41435897       0.00000000       1.24485230    
   1.41624475       0.00000000       1.24445653    
   1.41813052       0.00000000       1.24405932    
   1.42001629       0.00000000       1.24366045    
   1.42190206       0.00000000       1.24326015    
   1.42378783       0.00000000       1.24285817    
   1.42567360       0.00000000       1.24245477    
   1.42755938       0.00000000       1.24204969    
   1.42944515       0.00000000       1.24164319    
   1.43133092       0.00000000       1.24123490    
   1.43321669       0.00000000       1.24082518    
   1.43510246       0.00000000       1.24041378    
   1.43698823       0.00000000       1.24000096    
   1.43887401       0.00000000       1.23958647    
   1.44075978       0.00000000       1.23917043    
   1.44264555       0.00000000       1.23875284    
   1.44453132       0.00000000       1.23833358    
   1.44641709       0.00000000       1.23791289    
   1.44830287       0.00000000       1.23749053    
   1.45018864       0.00000000       1.23706675    
   1.45207441       0.00000000       1.23664129    
   1.45396018       0.00000000       1.23621428    
   1.45584595       0.00000000       1.23578572    
   1.45773172       0.00000000       1.23535550    
   1.45961750       0.00000000       1.23492384    
   1.46150327       0.00000000       1.23449051    
   1.46338904       0.00000000       1.23405576    
   1.46527481       0.00000000       1.23361933    
   1.46716058       0.00000000       1.23318136    
   1.46904635       0.00000000       1.23274183    
   1.47093213       0.00000000       1.23230064    
   1.47281790       0.00000000       1.23185802    
   1.47470367       0.00000000       1.23141372    
   1.47658944       0.00000000       1.23096800    
   1.47847521       0.00000000       1.23052049    
   1.48036098       0.00000000       1.23007154    
   1.48224676       0.00000000       1.22962093    
   1.48413253       0.00000000       1.22916889    
   1.48601830       0.00000000       1.22871518    
   1.48790407       0.00000000       1.22826004    
   1.48978984       0.00000000       1.22780323    
   1.49167562       0.00000000       1.22734499    
   1.49356139       0.00000000       1.22688496    
   1.49544716       0.00000000       1.22642350    
   1.49733293       0.00000000       1.22596037    
   1.49921870       0.00000000       1.22549582    
   1.50110447       0.00000000       1.22502959    
   1.50299025       0.00000000       1.22456181    
   1.50487602       0.00000000       1.22409248    
   1.50676179       0.00000000       1.22362149    
   1.50864756       0.00000000       1.22314906    
   1.51053333       0.00000000       1.22267497    
   1.51241910       0.00000000       1.22219944    
   1.51430488       0.00000000       1.22172225    
   1.51619065       0.00000000       1.22124350    
   1.51807642       0.00000000       1.22076321    
   1.51996219       0.00000000       1.22028124    
   1.52184796       0.00000000       1.21979785    
   1.52373374       0.00000000       1.21931279    
   1.52561951       0.00000000       1.21882629    
   1.52750528       0.00000000       1.21833801    
   1.52939105       0.00000000       1.21784830    
   1.53127682       0.00000000       1.21735692    
   1.53316259       0.00000000       1.21686411    
   1.53504837       0.00000000       1.21636963    
   1.53693414       0.00000000       1.21587372    
   1.53881991       0.00000000       1.21537614    
   1.54070568       0.00000000       1.21487713    
   1.54259145       0.00000000       1.21437633    
   1.54447722       0.00000000       1.21387410    
   1.54636300       0.00000000       1.21337020    
   1.54824877       0.00000000       1.21286488    
   1.55013454       0.00000000       1.21235788    
   1.55202031       0.00000000       1.21184933    
   1.55390608       0.00000000       1.21133924    
   1.55579185       0.00000000       1.21082747    
   1.55767763       0.00000000       1.21031427    
   1.55956340       0.00000000       1.20979941    
   1.56144917       0.00000000       1.20928311    
   1.56333494       0.00000000       1.20876515    
   1.56522071       0.00000000       1.20824564    
   1.56710649       0.00000000       1.20772457    
   1.56899226       0.00000000       1.20720184    
   1.57087803       0.00000000       1.20667768    
   1.57276380       0.00000000       1.20615184    
   1.57464957       0.00000000       1.20562458    
   1.57653534       0.00000000       1.20509553    
   1.57842112       0.00000000       1.20456505    
   1.58030689       0.00000000       1.20403290    
   1.58219266       0.00000000       1.20349932    
   1.58407843       0.00000000       1.20296407    
   1.58596420       0.00000000       1.20242739    
   1.58784997       0.00000000       1.20188904    
   1.58973575       0.00000000       1.20134926    
   1.59162152       0.00000000       1.20080769    
   1.59350729       0.00000000       1.20026469    
   1.59539306       0.00000000       1.19972003    
   1.59727883       0.00000000       1.19917393    
   1.59916461       0.00000000       1.19862616    
   1.60105038       0.00000000       1.19807684    
   1.60293615       0.00000000       1.19752598    
   1.60482192       0.00000000       1.19697344    
   1.60670769       0.00000000       1.19641948    
   1.60859346       0.00000000       1.19586384    
   1.61047924       0.00000000       1.19530678    
   1.61236501       0.00000000       1.19474804    
   1.61425078       0.00000000       1.19418776    
   1.61613655       0.00000000       1.19362593    
   1.61802232       0.00000000       1.19306242    
   1.61990809       0.00000000       1.19249749    
   1.62179387       0.00000000       1.19193089    
   1.62367964       0.00000000       1.19136286    
   1.62556541       0.00000000       1.19079304    
   1.62745118       0.00000000       1.19022179    
   1.62933695       0.00000000       1.18964887    
   1.63122272       0.00000000       1.18907452    
   1.63310850       0.00000000       1.18849850    
   1.63499427       0.00000000       1.18792105    
   1.63688004       0.00000000       1.18734193    
   1.63876581       0.00000000       1.18676138    
   1.64065158       0.00000000       1.18617904    
   1.64253736       0.00000000       1.18559527    
   1.64442313       0.00000000       1.18500984    
   1.64630890       0.00000000       1.18442297    
   1.64819467       0.00000000       1.18383443    
   1.65008044       0.00000000       1.18324435    
   1.65196621       0.00000000       1.18265271    
   1.65385199       0.00000000       1.18205941    
   1.65573776       0.00000000       1.18146467    
   1.65762353       0.00000000       1.18086827    
   1.65950930       0.00000000       1.18027043    
   1.66139507       0.00000000       1.17967093    
   1.66328084       0.00000000       1.17906988    
   1.66516662       0.00000000       1.17846727    
   1.66705239       0.00000000       1.17786300    
   1.66893816       0.00000000       1.17725730    
   1.67082393       0.00000000       1.17664993    
   1.67270970       0.00000000       1.17604113    
   1.67459548       0.00000000       1.17543054    
   1.67648125       0.00000000       1.17481852    
   1.67836702       0.00000000       1.17420483    
   1.68025279       0.00000000       1.17358971    
   1.68213856       0.00000000       1.17297292    
   1.68402433       0.00000000       1.17235470    
   1.68591011       0.00000000       1.17173481    
   1.68779588       0.00000000       1.17111349    
   1.68968165       0.00000000       1.17049038    
   1.69156742       0.00000000       1.16986585    
   1.69345319       0.00000000       1.16923964    
   1.69533896       0.00000000       1.16861200    
   1.69722474       0.00000000       1.16798270    
   1.69911051       0.00000000       1.16735196    
   1.70099628       0.00000000       1.16671944    
   1.70288205       0.00000000       1.16608548    
   1.70476782       0.00000000       1.16544986    
   1.70665359       0.00000000       1.16481280    
   1.70853937       0.00000000       1.16417408    
   1.71042514       0.00000000       1.16353393    
   1.71231091       0.00000000       1.16289210    
   1.71419668       0.00000000       1.16224861    
   1.71608245       0.00000000       1.16160369    
   1.71796823       0.00000000       1.16095710    
   1.71985400       0.00000000       1.16030908    
   1.72173977       0.00000000       1.15965939    
   1.72362554       0.00000000       1.15900826    
   1.72551131       0.00000000       1.15835547    
   1.72739708       0.00000000       1.15770102    
   1.72928286       0.00000000       1.15704513    
   1.73116863       0.00000000       1.15638757    
   1.73305440       0.00000000       1.15572858    
   1.73494017       0.00000000       1.15506792    
   1.73682594       0.00000000       1.15440583    
   1.73871171       0.00000000       1.15374196    
   1.74059749       0.00000000       1.15307665    
   1.74248326       0.00000000       1.15240967    
   1.74436903       0.00000000       1.15174127    
   1.74625480       0.00000000       1.15107119    
   1.74814057       0.00000000       1.15039968    
   1.75002635       0.00000000       1.14972639    
   1.75191212       0.00000000       1.14905167    
   1.75379789       0.00000000       1.14837527    
   1.75568366       0.00000000       1.14769745    
   1.75756943       0.00000000       1.14701796    
   1.75945520       0.00000000       1.14633703    
   1.76134098       0.00000000       1.14565444    
   1.76322675       0.00000000       1.14497018    
   1.76511252       0.00000000       1.14428449    
   1.76699829       0.00000000       1.14359713    
   1.76888406       0.00000000       1.14290833    
   1.77076983       0.00000000       1.14221787    
   1.77265561       0.00000000       1.14152598    
   1.77454138       0.00000000       1.14083242    
   1.77642715       0.00000000       1.14013720    
   1.77831292       0.00000000       1.13944054    
   1.78019869       0.00000000       1.13874221    
   1.78208447       0.00000000       1.13804245    
   1.78397024       0.00000000       1.13734102    
   1.78585601       0.00000000       1.13663816    
   1.78774178       0.00000000       1.13593352    
   1.78962755       0.00000000       1.13522744    
   1.79151332       0.00000000       1.13451970    
   1.79339910       0.00000000       1.13381052    
   1.79528487       0.00000000       1.13309968    
   1.79717064       0.00000000       1.13238740    
   1.79905641       0.00000000       1.13167334    
   1.80094218       0.00000000       1.13095784    
   1.80282795       0.00000000       1.13024068    
   1.80471373       0.00000000       1.12952209    
   1.80659950       0.00000000       1.12880182    
   1.80848527       0.00000000       1.12808013    
   1.81037104       0.00000000       1.12735677    
   1.81225681       0.00000000       1.12663174    
   1.81414258       0.00000000       1.12590528    
   1.81602836       0.00000000       1.12517715    
   1.81791413       0.00000000       1.12444758    
   1.81979990       0.00000000       1.12371635    
   1.82168567       0.00000000       1.12298369    
   1.82357144       0.00000000       1.12224936    
   1.82545722       0.00000000       1.12151337    
   1.82734299       0.00000000       1.12077594    
   1.82922876       0.00000000       1.12003684    
   1.83111453       0.00000000       1.11929631    
   1.83300030       0.00000000       1.11855412    
   1.83488607       0.00000000       1.11781049    
   1.83677185       0.00000000       1.11706507    
   1.83865762       0.00000000       1.11631823    
   1.84054339       0.00000000       1.11556971    
   1.84242916       0.00000000       1.11481977    
   1.84431493       0.00000000       1.11406815    
   1.84620070       0.00000000       1.11331511    
   1.84808648       0.00000000       1.11256027    
   1.84997225       0.00000000       1.11180401    
   1.85185802       0.00000000       1.11104608    
   1.85374379       0.00000000       1.11028671    
   1.85562956       0.00000000       1.10952568    
   1.85751534       0.00000000       1.10876322    
   1.85940111       0.00000000       1.10799909    
   1.86128688       0.00000000       1.10723329    
   1.86317265       0.00000000       1.10646605    
   1.86505842       0.00000000       1.10569715    
   1.86694419       0.00000000       1.10492682    
   1.86882997       0.00000000       1.10415483    
   1.87071574       0.00000000       1.10338140    
   1.87260151       0.00000000       1.10260630    
   1.87448728       0.00000000       1.10182953    
   1.87637305       0.00000000       1.10105133    
   1.87825882       0.00000000       1.10027146    
   1.88014460       0.00000000       1.09949017    
   1.88203037       0.00000000       1.09870720    
   1.88391614       0.00000000       1.09792280    
   1.88580191       0.00000000       1.09713662    
   1.88768768       0.00000000       1.09634900    
   1.88957345       0.00000000       1.09555972    
   1.89145923       0.00000000       1.09476900    
   1.89334500       0.00000000       1.09397662    
   1.89523077       0.00000000       1.09318280    
   1.89711654       0.00000000       1.09238720    
   1.89900231       0.00000000       1.09159017    
   1.90088809       0.00000000       1.09079146    
   1.90277386       0.00000000       1.08999133    
   1.90465963       0.00000000       1.08918953    
   1.90654540       0.00000000       1.08838630    
   1.90843117       0.00000000       1.08758140    
   1.91031694       0.00000000       1.08677506    
   1.91220272       0.00000000       1.08596694    
   1.91408849       0.00000000       1.08515739    
   1.91597426       0.00000000       1.08434618    
   1.91786003       0.00000000       1.08353353    
   1.91974580       0.00000000       1.08271921    
   1.92163157       0.00000000       1.08190334    
   1.92351735       0.00000000       1.08108592    
   1.92540312       0.00000000       1.08026683    
   1.92728889       0.00000000       1.07944632    
   1.92917466       0.00000000       1.07862413    
   1.93106043       0.00000000       1.07780051    
   1.93294621       0.00000000       1.07697523    
   1.93483198       0.00000000       1.07614839    
   1.93671775       0.00000000       1.07532001    
   1.93860352       0.00000000       1.07448995    
   1.94048929       0.00000000       1.07365847    
   1.94237506       0.00000000       1.07282531    
   1.94426084       0.00000000       1.07199073    
   1.94614661       0.00000000       1.07115436    
   1.94803238       0.00000000       1.07031655    
   1.94991815       0.00000000       1.06947708    
   1.95180392       0.00000000       1.06863618    
   1.95368969       0.00000000       1.06779361    
   1.95557547       0.00000000       1.06694961    
   1.95746124       0.00000000       1.06610394    
   1.95934701       0.00000000       1.06525683    
   1.96123278       0.00000000       1.06440794    
   1.96311855       0.00000000       1.06355762    
   1.96500432       0.00000000       1.06270564    
   1.96689010       0.00000000       1.06185222    
   1.96877587       0.00000000       1.06099713    
   1.97066164       0.00000000       1.06014049    
   1.97254741       0.00000000       1.05928230    
   1.97443318       0.00000000       1.05842245    
   1.97631896       0.00000000       1.05756116    
   1.97820473       0.00000000       1.05669820    
   1.98009050       0.00000000       1.05583382    
   1.98197627       0.00000000       1.05496776    
   1.98386204       0.00000000       1.05410016    
   1.98574781       0.00000000       1.05323100    
   1.98763359       0.00000000       1.05236018    
   1.98951936       0.00000000       1.05148792    
   1.99140513       0.00000000       1.05061400    
   1.99329090       0.00000000       1.04973865    
   1.99517667       0.00000000       1.04886150    
   1.99706244       0.00000000       1.04798293    
   1.99894822       0.00000000       1.04710269    
   2.00083399       0.00000000       1.04622102    
   2.00271988       0.00000000       1.04533768    
   2.00460577       0.00000000       1.04445291    
   2.00649166       0.00000000       1.04356647    
   2.00837755       0.00000000       1.04267859    
   2.01026344       0.00000000       1.04178894    
   2.01214933       0.00000000       1.04089785    
   2.01403522       0.00000000       1.04000509    
   2.01592112       0.00000000       1.03911090    
   2.01780701       0.00000000       1.03821504    
   2.01969290       0.00000000       1.03731763    
   2.02157879       0.00000000       1.03641868    
   2.02346468       0.00000000       1.03551805    
   2.02535057       0.00000000       1.03461599    
   2.02723646       0.00000000       1.03371227    
   2.02912235       0.00000000       1.03280711    
   2.03100824       0.00000000       1.03190029    
   2.03289413       0.00000000       1.03099191    
   2.03478003       0.00000000       1.03008199    
   2.03666592       0.00000000       1.02917039    
   2.03855181       0.00000000       1.02825737    
   2.04043770       0.00000000       1.02734268    
   2.04232359       0.00000000       1.02642655    
   2.04420948       0.00000000       1.02550864    
   2.04609537       0.00000000       1.02458930    
   2.04798126       0.00000000       1.02366829    
   2.04986715       0.00000000       1.02274585    
   2.05175304       0.00000000       1.02182174    
   2.05363894       0.00000000       1.02089620    
   2.05552483       0.00000000       1.01996899    
   2.05741072       0.00000000       1.01904035    
   2.05929661       0.00000000       1.01810992    
   2.06118250       0.00000000       1.01717806    
   2.06306839       0.00000000       1.01624453    
   2.06495428       0.00000000       1.01530957    
   2.06684017       0.00000000       1.01437294    
   2.06872606       0.00000000       1.01343477    
   2.07061195       0.00000000       1.01249504    
   2.07249784       0.00000000       1.01155365    
   2.07438374       0.00000000       1.01061082    
   2.07626963       0.00000000       1.00966632    
   2.07815552       0.00000000       1.00872040    
   2.08004141       0.00000000       1.00777280    
   2.08192730       0.00000000       1.00682366    
   2.08381319       0.00000000       1.00587296    
   2.08569908       0.00000000       1.00492060    
   2.08758497       0.00000000       1.00396681    
   2.08947086       0.00000000       1.00301135    
   2.09135675       0.00000000       1.00205445    
   2.09324265       0.00000000       1.00109577    
   2.09512854       0.00000000       1.00013566    
   2.09701443       0.00000000      0.999173999    
   2.09890032       0.00000000      0.998210669    
   2.10078621       0.00000000      0.997245908    
   2.10267210       0.00000000      0.996279478    
   2.10455799       0.00000000      0.995311499    
   2.10644388       0.00000000      0.994341969    
   2.10832977       0.00000000      0.993370891    
   2.11021566       0.00000000      0.992398143    
   2.11210155       0.00000000      0.991423965    
   2.11398745       0.00000000      0.990448117    
   2.11587334       0.00000000      0.989470780    
   2.11775923       0.00000000      0.988491833    
   2.11964512       0.00000000      0.987511337    
   2.12153101       0.00000000      0.986529231    
   2.12341690       0.00000000      0.985545635    
   2.12530279       0.00000000      0.984560370    
   2.12718868       0.00000000      0.983573616    
   2.12907457       0.00000000      0.982585251    
   2.13096046       0.00000000      0.981595337    
   2.13284636       0.00000000      0.980603814    
   2.13473225       0.00000000      0.979610801    
   2.13661814       0.00000000      0.978616118    
   2.13850403       0.00000000      0.977620006    
   2.14038992       0.00000000      0.976622224    
   2.14227581       0.00000000      0.975622892    
   2.14416170       0.00000000      0.974622011    
   2.14604759       0.00000000      0.973619580    
   2.14793348       0.00000000      0.972615480    
   2.14981937       0.00000000      0.971609950    
   2.15170527       0.00000000      0.970602751    
   2.15359116       0.00000000      0.969594002    
   2.15547705       0.00000000      0.968583703    
   2.15736294       0.00000000      0.967571855    
   2.15924883       0.00000000      0.966558337    
   2.16113472       0.00000000      0.965543389    
   2.16302061       0.00000000      0.964526772    
   2.16490650       0.00000000      0.963508666    
   2.16679239       0.00000000      0.962488949    
   2.16867828       0.00000000      0.961467683    
   2.17056417       0.00000000      0.960444808    
   2.17245007       0.00000000      0.959420443    
   2.17433596       0.00000000      0.958394408    
   2.17622185       0.00000000      0.957366884    
   2.17810774       0.00000000      0.956337750    
   2.17999363       0.00000000      0.955307066    
   2.18187952       0.00000000      0.954274774    
   2.18376541       0.00000000      0.953240991    
   2.18565130       0.00000000      0.952205539    
   2.18753719       0.00000000      0.951168656    
   2.18942308       0.00000000      0.950130105    
   2.19130898       0.00000000      0.949090004    
   2.19319487       0.00000000      0.948048353    
   2.19508076       0.00000000      0.947005153    
   2.19696665       0.00000000      0.945960283    
   2.19885254       0.00000000      0.944913983    
   2.20073843       0.00000000      0.943866014    
   2.20262432       0.00000000      0.942816496    
   2.20451021       0.00000000      0.941765428    
   2.20639610       0.00000000      0.940712810    
   2.20828199       0.00000000      0.939658523    
   2.21016788       0.00000000      0.938602805    
   2.21205378       0.00000000      0.937545419    
   2.21393967       0.00000000      0.936486542    
   2.21582556       0.00000000      0.935426056    
   2.21771145       0.00000000      0.934364021    
   2.21959734       0.00000000      0.933300376    
   2.22148323       0.00000000      0.932235241    
   2.22336912       0.00000000      0.931168437    
   2.22525501       0.00000000      0.930100143    
   2.22714090       0.00000000      0.929030240    
   2.22902679       0.00000000      0.927958786    
   2.23091269       0.00000000      0.926885724    
   2.23279858       0.00000000      0.925811172    
   2.23468447       0.00000000      0.924734950    
   2.23657036       0.00000000      0.923657298    
   2.23845625       0.00000000      0.922577977    
   2.24034214       0.00000000      0.921497107    
   2.24222803       0.00000000      0.920414686    
   2.24411392       0.00000000      0.919330716    
   2.24599981       0.00000000      0.918245077    
   2.24788570       0.00000000      0.917158008    
   2.24977160       0.00000000      0.916069269    
   2.25165749       0.00000000      0.914978981    
   2.25354338       0.00000000      0.913887143    
   2.25542927       0.00000000      0.912793756    
   2.25731516       0.00000000      0.911698699    
   2.25920105       0.00000000      0.910602212    
   2.26108694       0.00000000      0.909504056    
   2.26297283       0.00000000      0.908404410    
   2.26485872       0.00000000      0.907303154    
   2.26674461       0.00000000      0.906200349    
   2.26863050       0.00000000      0.905095935    
   2.27051640       0.00000000      0.903990030    
   2.27240229       0.00000000      0.902882457    
   2.27428818       0.00000000      0.901773393    
   2.27617407       0.00000000      0.900662720    
   2.27805996       0.00000000      0.899550498    
   2.27994585       0.00000000      0.898436666    
   2.28183174       0.00000000      0.897321343    
   2.28371763       0.00000000      0.896204352    
   2.28560352       0.00000000      0.895085931    
   2.28748941       0.00000000      0.893965840    
   2.28937531       0.00000000      0.892844200    
   2.29126120       0.00000000      0.891721010    
   2.29314709       0.00000000      0.890596271    
   2.29503298       0.00000000      0.889469862    
   2.29691887       0.00000000      0.888342023    
   2.29880476       0.00000000      0.887212515    
   2.30069065       0.00000000      0.886081457    
   2.30257654       0.00000000      0.884948850    
   2.30446243       0.00000000      0.883814692    
   2.30634832       0.00000000      0.882678866    
   2.30823421       0.00000000      0.881541610    
   2.31012011       0.00000000      0.880402684    
   2.31200600       0.00000000      0.879262269    
   2.31389189       0.00000000      0.878120244    
   2.31577778       0.00000000      0.876976669    
   2.31766367       0.00000000      0.875831485    
   2.31954956       0.00000000      0.874684811    
   2.32143545       0.00000000      0.873536468    
   2.32332134       0.00000000      0.872386634    
   2.32520723       0.00000000      0.871235192    
   2.32709312       0.00000000      0.870082200    
   2.32897902       0.00000000      0.868927598    
   2.33086491       0.00000000      0.867771506    
   2.33275080       0.00000000      0.866613746    
   2.33463669       0.00000000      0.865454555    
   2.33652258       0.00000000      0.864293694    
   2.33840847       0.00000000      0.863131285    
   2.34029436       0.00000000      0.861967325    
   2.34218025       0.00000000      0.860801816    
   2.34406614       0.00000000      0.859634638    
   2.34595203       0.00000000      0.858466029    
   2.34783792       0.00000000      0.857295752    
   2.34972382       0.00000000      0.856123924    
   2.35160971       0.00000000      0.854950547    
   2.35349560       0.00000000      0.853775620    
   2.35538149       0.00000000      0.852599144    
   2.35726738       0.00000000      0.851420999    
   2.35915327       0.00000000      0.850241423    
   2.36103916       0.00000000      0.849060178    
   2.36292505       0.00000000      0.847877383    
   2.36481094       0.00000000      0.846693039    
   2.36669683       0.00000000      0.845507145    
   2.36858273       0.00000000      0.844319582    
   2.37046862       0.00000000      0.843130589    
   2.37235451       0.00000000      0.841939926    
   2.37424040       0.00000000      0.840747714    
   2.37612629       0.00000000      0.839553952    
   2.37801218       0.00000000      0.838358641    
   2.37989807       0.00000000      0.837161779    
   2.38178396       0.00000000      0.835963249    
   2.38366985       0.00000000      0.834763288    
   2.38555574       0.00000000      0.833561659    
   2.38744164       0.00000000      0.832358479    
   2.38932753       0.00000000      0.831153750    
   2.39121342       0.00000000      0.829947472    
   2.39309931       0.00000000      0.828739524    
   2.39498520       0.00000000      0.827530146    
   2.39687109       0.00000000      0.826319098    
   2.39875698       0.00000000      0.825106502    
   2.40064287       0.00000000      0.823892355    
   2.40252876       0.00000000      0.822676659    
   2.40441465       0.00000000      0.821459413    
   2.40630054       0.00000000      0.820240498    
   2.40818644       0.00000000      0.819020152    
   2.41007233       0.00000000      0.817798138    
   2.41195822       0.00000000      0.816574574    
   2.41384411       0.00000000      0.815349460    
   2.41573000       0.00000000      0.814122796    
   2.41761589       0.00000000      0.812894464    
   2.41950178       0.00000000      0.811664701    
   2.42138767       0.00000000      0.810433269    
   2.42327356       0.00000000      0.809200287    
   2.42515945       0.00000000      0.807965755    
   2.42704535       0.00000000      0.806729674    
   2.42893124       0.00000000      0.805492043    
   2.43081713       0.00000000      0.804252744    
   2.43270302       0.00000000      0.803012013    
   2.43458891       0.00000000      0.801769614    
   2.43647480       0.00000000      0.800525665    
   2.43836069       0.00000000      0.799280167    
   2.44024658       0.00000000      0.798033118    
   2.44213247       0.00000000      0.796784401    
   2.44401836       0.00000000      0.795534253    
   2.44590425       0.00000000      0.794282436    
   2.44779015       0.00000000      0.793029070    
   2.44967604       0.00000000      0.791774154    
   2.45156193       0.00000000      0.790517688    
   2.45344782       0.00000000      0.789259672    
   2.45533371       0.00000000      0.787999988    
   2.45721960       0.00000000      0.786738873    
   2.45910549       0.00000000      0.785476089    
   2.46099138       0.00000000      0.784211755    
   2.46287727       0.00000000      0.782945871    
   2.46476316       0.00000000      0.781678438    
   2.46664906       0.00000000      0.780409336    
   2.46853495       0.00000000      0.779138803    
   2.47042084       0.00000000      0.777866602    
   2.47230673       0.00000000      0.776592851    
   2.47419262       0.00000000      0.775317550    
   2.47607851       0.00000000      0.774040699    
   2.47796440       0.00000000      0.772762299    
   2.47985029       0.00000000      0.771482229    
   2.48173618       0.00000000      0.770200729    
   2.48362207       0.00000000      0.768917561    
   2.48550797       0.00000000      0.767632842    
   2.48739386       0.00000000      0.766346574    
   2.48927975       0.00000000      0.765058756    
   2.49116564       0.00000000      0.763769269    
   2.49305153       0.00000000      0.762478352    
   2.49493742       0.00000000      0.761185765    
   2.49682331       0.00000000      0.759891629    
   2.49870920       0.00000000      0.758595943    
   2.50059509       0.00000000      0.757298708    
   2.50248098       0.00000000      0.755999923    
   2.50436687       0.00000000      0.754699469    
   2.50625277       0.00000000      0.753397584    
   2.50813866       0.00000000      0.752094030    
   2.51002455       0.00000000      0.750788927    
   2.51191044       0.00000000      0.749482274    
   2.51379633       0.00000000      0.748174071    
   2.51568222       0.00000000      0.746864200    
   2.51756811       0.00000000      0.745552897    
   2.51945400       0.00000000      0.744239926    
   2.52133989       0.00000000      0.742925406    
   2.52322578       0.00000000      0.741609335    
   2.52511168       0.00000000      0.740291715    
   2.52699757       0.00000000      0.738972545    
   2.52888346       0.00000000      0.737651706    
   2.53076935       0.00000000      0.736329436    
   2.53265524       0.00000000      0.735005498    
   2.53454113       0.00000000      0.733680010    
   2.53642702       0.00000000      0.732352972    
   2.53831291       0.00000000      0.731024384    
   2.54019880       0.00000000      0.729694128    
   2.54208469       0.00000000      0.728362441    
   2.54397058       0.00000000      0.727029085    
   2.54585648       0.00000000      0.725694180    
   2.54774237       0.00000000      0.724357724    
   2.54962826       0.00000000      0.723019719    
   2.55151415       0.00000000      0.721680164    
   2.55340004       0.00000000      0.720338941    
   2.55528593       0.00000000      0.718996286    
   2.55717182       0.00000000      0.717651963    
   2.55905771       0.00000000      0.716306090    
   2.56094360       0.00000000      0.714958668    
   2.56282949       0.00000000      0.713609695    
   2.56471539       0.00000000      0.712259054    
   2.56660128       0.00000000      0.710906982    
   2.56848717       0.00000000      0.709553242    
   2.57037306       0.00000000      0.708197951    
   2.57225895       0.00000000      0.706841111    
   2.57414484       0.00000000      0.705482721    
   2.57603073       0.00000000      0.704122782    
   2.57791662       0.00000000      0.702761173    
   2.57980251       0.00000000      0.701398134    
   2.58168840       0.00000000      0.700033426    
   2.58357430       0.00000000      0.698667169    
   2.58546019       0.00000000      0.697299361    
   2.58734608       0.00000000      0.695930004    
   2.58923197       0.00000000      0.694558978    
   2.59111786       0.00000000      0.693186522    
   2.59300375       0.00000000      0.691812396    
   2.59488964       0.00000000      0.690436721    
   2.59677553       0.00000000      0.689059496    
   2.59866142       0.00000000      0.687680721    
   2.60054731       0.00000000      0.686300397    
   2.60243320       0.00000000      0.684918404    
   2.60431910       0.00000000      0.683534980    
   2.60620499       0.00000000      0.682149887    
   2.60809088       0.00000000      0.680763245    
   2.60997677       0.00000000      0.679375052    
   2.61186266       0.00000000      0.677985311    
   2.61374855       0.00000000      0.676593900    
   2.61563444       0.00000000      0.675201058    
   2.61752033       0.00000000      0.673806548    
   2.61940622       0.00000000      0.672410488    
   2.62129211       0.00000000      0.671012878    
   2.62317801       0.00000000      0.669613719    
   2.62506390       0.00000000      0.668213010    
   2.62694979       0.00000000      0.666810632    
   2.62883568       0.00000000      0.665406823    
   2.63072157       0.00000000      0.664001346    
   2.63260746       0.00000000      0.662594318    
   2.63449335       0.00000000      0.661185741    
   2.63637924       0.00000000      0.659775615    
   2.63826513       0.00000000      0.658363819    
   2.64015102       0.00000000      0.656950593    
   2.64203691       0.00000000      0.655535698    
   2.64392281       0.00000000      0.654119313    
   2.64580870       0.00000000      0.652701318    
   2.64769459       0.00000000      0.651281774    
   2.64958048       0.00000000      0.649860620    
   2.65146637       0.00000000      0.648437977    
   2.65335226       0.00000000      0.647013664    
   2.65523815       0.00000000      0.645587862    
   2.65712404       0.00000000      0.644160450    
   2.65900993       0.00000000      0.642731488    
   2.66089582       0.00000000      0.641300917    
   2.66278172       0.00000000      0.639868855    
   2.66466761       0.00000000      0.638435125    
   2.66655350       0.00000000      0.636999965    
   2.66843939       0.00000000      0.635563135    
   2.67032528       0.00000000      0.634124756    
   2.67221117       0.00000000      0.632684827    
   2.67409706       0.00000000      0.631243348    
   2.67598295       0.00000000      0.629800200    
   2.67786884       0.00000000      0.628355622    
   2.67975473       0.00000000      0.626909375    
   2.68164062       0.00000000      0.625461578    
   2.68352652       0.00000000      0.624012232    
   2.68541241       0.00000000      0.622561336    
   2.68729830       0.00000000      0.621108770    
   2.68918419       0.00000000      0.619654775    
   2.69107008       0.00000000      0.618199110    
   2.69295597       0.00000000      0.616741955    
   2.69484186       0.00000000      0.615283191    
   2.69672775       0.00000000      0.613822877    
   2.69861364       0.00000000      0.612360954    
   2.70049953       0.00000000      0.610897541    
   2.70238543       0.00000000      0.609432459    
   2.70427132       0.00000000      0.607965887    
   2.70615721       0.00000000      0.606497705    
   2.70804310       0.00000000      0.605027974    
   2.70992899       0.00000000      0.603556633    
   2.71181488       0.00000000      0.602083802    
   2.71370077       0.00000000      0.600609303    
   2.71558666       0.00000000      0.599133372    
   2.71747255       0.00000000      0.597655773    
   2.71935844       0.00000000      0.596176624    
   2.72124434       0.00000000      0.594695926    
   2.72313023       0.00000000      0.593213677    
   2.72501612       0.00000000      0.591729760    
   2.72690201       0.00000000      0.590244412    
   2.72878790       0.00000000      0.588757396    
   2.73067379       0.00000000      0.587268829    
   2.73255968       0.00000000      0.585778713    
   2.73444557       0.00000000      0.584287047    
   2.73633146       0.00000000      0.582793713    
   2.73821735       0.00000000      0.581298947    
   2.74010324       0.00000000      0.579802513    
   2.74198914       0.00000000      0.578304589    
   2.74387503       0.00000000      0.576805055    
   2.74576092       0.00000000      0.575303972    
   2.74764681       0.00000000      0.573801279    
   2.74953270       0.00000000      0.572297096    
   2.75141859       0.00000000      0.570791245    
   2.75330448       0.00000000      0.569283903    
   2.75519037       0.00000000      0.567774951    
   2.75707626       0.00000000      0.566264451    
   2.75896215       0.00000000      0.564752340    
   2.76084805       0.00000000      0.563238740    
   2.76273394       0.00000000      0.561723471    
   2.76461983       0.00000000      0.560206771    
   2.76650572       0.00000000      0.558688402    
   2.76839161       0.00000000      0.557168484    
   2.77027750       0.00000000      0.555647016    
   2.77216339       0.00000000      0.554123998    
   2.77404928       0.00000000      0.552599311    
   2.77593517       0.00000000      0.551073194    
   2.77782106       0.00000000      0.549545407    
   2.77970695       0.00000000      0.548016071    
   2.78159285       0.00000000      0.546485186    
   2.78347874       0.00000000      0.544952750    
   2.78536463       0.00000000      0.543418646    
   2.78725052       0.00000000      0.541883111    
   2.78913641       0.00000000      0.540345907    
   2.79102230       0.00000000      0.538807213    
   2.79290819       0.00000000      0.537266910    
   2.79479408       0.00000000      0.535725057    
   2.79667997       0.00000000      0.534181595    
   2.79856586       0.00000000      0.532636642    
   2.80045176       0.00000000      0.531090021    
   2.80233765       0.00000000      0.529541910    
   2.80422354       0.00000000      0.527992189    
   2.80610943       0.00000000      0.526440918    
   2.80799532       0.00000000      0.524888039    
   2.80988121       0.00000000      0.523333669    
   2.81176710       0.00000000      0.521777630    
   2.81365299       0.00000000      0.520220160    
   2.81553888       0.00000000      0.518661022    
   2.81742477       0.00000000      0.517100334    
   2.81931067       0.00000000      0.515538096    
   2.82119656       0.00000000      0.513974309    
   2.82308245       0.00000000      0.512408853    
   2.82496834       0.00000000      0.510841966    
   2.82685423       0.00000000      0.509273410    
   2.82874012       0.00000000      0.507703304    
   2.83062601       0.00000000      0.506131649    
   2.83251190       0.00000000      0.504558444    
   2.83439779       0.00000000      0.502983570    
   2.83628368       0.00000000      0.501407266    
   2.83816957       0.00000000      0.499829292    
   2.84005547       0.00000000      0.498249799    
   2.84194136       0.00000000      0.496668726    
   2.84382725       0.00000000      0.495086074    
   2.84571314       0.00000000      0.493501902    
   2.84759903       0.00000000      0.491916120    
   2.84948492       0.00000000      0.490328789    
   2.85137081       0.00000000      0.488739848    
   2.85325670       0.00000000      0.487149388    
   2.85514259       0.00000000      0.485557348    
   2.85702848       0.00000000      0.483963728    
   2.85891438       0.00000000      0.482368559    
   2.86080027       0.00000000      0.480771810    
   2.86268616       0.00000000      0.479173481    
   2.86457205       0.00000000      0.477573633    
   2.86645794       0.00000000      0.475972176    
   2.86834383       0.00000000      0.474369168    
   2.87022972       0.00000000      0.472764552    
   2.87211561       0.00000000      0.471158415    
   2.87400150       0.00000000      0.469550669    
   2.87588739       0.00000000      0.467941403    
   2.87777328       0.00000000      0.466330528    
   2.87965918       0.00000000      0.464718103    
   2.88154507       0.00000000      0.463104129    
   2.88343096       0.00000000      0.461488545    
   2.88531685       0.00000000      0.459871411    
   2.88720274       0.00000000      0.458252728    
   2.88908863       0.00000000      0.456632435    
   2.89097452       0.00000000      0.455010623    
   2.89286041       0.00000000      0.453387201    
   2.89474630       0.00000000      0.451762259    
   2.89663219       0.00000000      0.450135708    
   2.89851809       0.00000000      0.448507607    
   2.90040398       0.00000000      0.446877897    
   2.90228987       0.00000000      0.445246667    
   2.90417576       0.00000000      0.443613857    
   2.90606165       0.00000000      0.441979468    
   2.90794754       0.00000000      0.440343529    
   2.90983343       0.00000000      0.438706011    
   2.91171932       0.00000000      0.437066913    
   2.91360521       0.00000000      0.435426295    
   2.91549110       0.00000000      0.433784068    
   2.91737700       0.00000000      0.432140291    
   2.91926289       0.00000000      0.430494905    
   2.92114878       0.00000000      0.428847998    
   2.92303467       0.00000000      0.427199483    
   2.92492056       0.00000000      0.425549448    
   2.92680645       0.00000000      0.423897803    
   2.92869234       0.00000000      0.422244608    
   2.93057823       0.00000000      0.420589864    
   2.93246412       0.00000000      0.418933511    
   2.93435001       0.00000000      0.417275608    
   2.93623590       0.00000000      0.415616155    
   2.93812180       0.00000000      0.413955092    
   2.94000769       0.00000000      0.412292510    
   2.94189358       0.00000000      0.410628319    
   2.94377947       0.00000000      0.408962607    
   2.94566536       0.00000000      0.407295287    
   2.94755125       0.00000000      0.405626416    
   2.94943714       0.00000000      0.403955936    
   2.95132303       0.00000000      0.402283937    
   2.95320892       0.00000000      0.400610358    
   2.95509481       0.00000000      0.398935199    
   2.95698071       0.00000000      0.397258490    
   2.95886660       0.00000000      0.395580202    
   2.96075249       0.00000000      0.393900335    
   2.96263838       0.00000000      0.392218947    
   2.96452427       0.00000000      0.390535951    
   2.96641016       0.00000000      0.388851404    
   2.96829605       0.00000000      0.387165248    
   2.97018194       0.00000000      0.385477573    
   2.97206783       0.00000000      0.383788288    
   2.97395372       0.00000000      0.382097483    
   2.97583961       0.00000000      0.380405068    
   2.97772551       0.00000000      0.378711104    
   2.97961140       0.00000000      0.377015591    
   2.98149729       0.00000000      0.375318468    
   2.98338318       0.00000000      0.373619795    
   2.98526907       0.00000000      0.371919572    
   2.98715496       0.00000000      0.370217741    
   2.98904085       0.00000000      0.368514389    
   2.99092674       0.00000000      0.366809428    
   2.99281263       0.00000000      0.365102947    
   2.99469852       0.00000000      0.363394856    
   2.99658442       0.00000000      0.361685216    
   2.99847031       0.00000000      0.359973967    
   3.00035620       0.00000000      0.358261198    
   3.00224209       0.00000000      0.356546849    
   3.00412798       0.00000000      0.354830921    
   3.00601387       0.00000000      0.353113443    
   3.00789976       0.00000000      0.351394385    
   3.00978565       0.00000000      0.349673748    
   3.01167154       0.00000000      0.347951591    
   3.01355743       0.00000000      0.346227825    
   3.01544333       0.00000000      0.344502509    
   3.01732922       0.00000000      0.342775583    
   3.01921511       0.00000000      0.341047138    
   3.02110100       0.00000000      0.339317113    
   3.02298689       0.00000000      0.337585509    
   3.02487278       0.00000000      0.335852355    
   3.02675867       0.00000000      0.334117621    
   3.02864456       0.00000000      0.332381308    
   3.03053045       0.00000000      0.330643445    
   3.03241634       0.00000000      0.328904003    
   3.03430223       0.00000000      0.327162981    
   3.03618813       0.00000000      0.325420439    
   3.03807402       0.00000000      0.323676288    
   3.03995991       0.00000000      0.321930587    
   3.04184580       0.00000000      0.320183277    
   3.04373169       0.00000000      0.318434447    
   3.04561758       0.00000000      0.316684037    
   3.04750347       0.00000000      0.314932048    
   3.04938936       0.00000000      0.313178509    
   3.05127525       0.00000000      0.311423391    
   3.05316114       0.00000000      0.309666693    
   3.05504704       0.00000000      0.307908446    
   3.05693293       0.00000000      0.306148618    
   3.05881882       0.00000000      0.304387212    
   3.06070471       0.00000000      0.302624285    
   3.06259060       0.00000000      0.300859749    
   3.06447649       0.00000000      0.299093664    
   3.06636238       0.00000000      0.297325969    
   3.06824827       0.00000000      0.295556754    
   3.07013416       0.00000000      0.293785959    
   3.07202005       0.00000000      0.292013586    
   3.07390594       0.00000000      0.290239662    
   3.07579184       0.00000000      0.288464159    
   3.07767773       0.00000000      0.286687076    
   3.07956362       0.00000000      0.284908444    
   3.08144951       0.00000000      0.283128232    
   3.08333540       0.00000000      0.281346440    
   3.08522129       0.00000000      0.279563129    
   3.08710718       0.00000000      0.277778208    
   3.08899307       0.00000000      0.275991738    
   3.09087896       0.00000000      0.274203658    
   3.09276485       0.00000000      0.272414058    
   3.09465075       0.00000000      0.270622879    
   3.09653664       0.00000000      0.268830121    
   3.09842253       0.00000000      0.267035812    
   3.10030842       0.00000000      0.265239924    
   3.10219431       0.00000000      0.263442457    
   3.10408020       0.00000000      0.261643440    
   3.10596609       0.00000000      0.259842843    
   3.10785198       0.00000000      0.258040667    
   3.10973787       0.00000000      0.256236970    
   3.11162376       0.00000000      0.254431665    
   3.11350965       0.00000000      0.252624810    
   3.11539555       0.00000000      0.250816345    
   3.11728144       0.00000000      0.249006361    
   3.11916733       0.00000000      0.247194797    
   3.12105322       0.00000000      0.245381653    
   3.12293911       0.00000000      0.243566960    
   3.12482500       0.00000000      0.241750687    
   3.12671089       0.00000000      0.239932835    
   3.12859678       0.00000000      0.238113433    
   3.13048267       0.00000000      0.236292452    
   3.13236856       0.00000000      0.234469920    
   3.13425446       0.00000000      0.232645810    
   3.13614035       0.00000000      0.230820119    
   3.13802624       0.00000000      0.228992879    
   3.13991213       0.00000000      0.227164060    
   3.14179802       0.00000000      0.225333676    
   3.14368391       0.00000000      0.223501712    
   3.14556980       0.00000000      0.221668199    
   3.14745569       0.00000000      0.219833106    
   3.14934158       0.00000000      0.217996448    
   3.15122747       0.00000000      0.216158226    
   3.15311337       0.00000000      0.214318424    
   3.15499926       0.00000000      0.212477073    
   3.15688515       0.00000000      0.210634142    
   3.15877104       0.00000000      0.208789647    
   3.16065693       0.00000000      0.206943586    
   3.16254282       0.00000000      0.205095947    
   3.16442871       0.00000000      0.203246757    
   3.16631460       0.00000000      0.201395988    
   3.16820049       0.00000000      0.199543655    
   3.17008638       0.00000000      0.197689742    
   3.17197227       0.00000000      0.195834279    
   3.17385817       0.00000000      0.193977237    
   3.17574406       0.00000000      0.192118615    
   3.17762995       0.00000000      0.190258443    
   3.17951584       0.00000000      0.188396692    
   3.18140173       0.00000000      0.186533391    
   3.18328762       0.00000000      0.184668511    
   3.18517351       0.00000000      0.182802051    
   3.18705940       0.00000000      0.180934042    
   3.18894529       0.00000000      0.179064453    
   3.19083118       0.00000000      0.177193299    
   3.19271708       0.00000000      0.175320566    
   3.19460297       0.00000000      0.173446283    
   3.19648886       0.00000000      0.171570420    
   3.19837475       0.00000000      0.169693008    
   3.20026064       0.00000000      0.167814016    
   3.20214653       0.00000000      0.165933460    
   3.20403242       0.00000000      0.164051324    
   3.20591831       0.00000000      0.162167639    
   3.20780420       0.00000000      0.160282373    
   3.20969009       0.00000000      0.158395529    
   3.21157598       0.00000000      0.156507134    
   3.21346188       0.00000000      0.154617161    
   3.21534777       0.00000000      0.152725622    
   3.21723366       0.00000000      0.150832504    
   3.21911955       0.00000000      0.148937836    
   3.22100544       0.00000000      0.147041589    
   3.22289133       0.00000000      0.145143792    
   3.22477722       0.00000000      0.143244416    
   3.22666311       0.00000000      0.141343474    
   3.22854900       0.00000000      0.139440954    
   3.23043489       0.00000000      0.137536883    
   3.23232079       0.00000000      0.135631233    
   3.23420668       0.00000000      0.133724004    
   3.23609257       0.00000000      0.131815225    
   3.23797846       0.00000000      0.129904866    
   3.23986435       0.00000000      0.127992943    
   3.24175024       0.00000000      0.126079440    
   3.24363613       0.00000000      0.124164388    
   3.24552202       0.00000000      0.122247763    
   3.24740791       0.00000000      0.120329574    
   3.24929380       0.00000000      0.118409812    
   3.25117970       0.00000000      0.116488479    
   3.25306559       0.00000000      0.114565581    
   3.25495148       0.00000000      0.112641111    
   3.25683737       0.00000000      0.110715076    
   3.25872326       0.00000000      0.108787477    
   3.26060915       0.00000000      0.106858306    
   3.26249504       0.00000000      0.104927570    
   3.26438093       0.00000000      0.102995262    
   3.26626682       0.00000000      0.101061389    
   3.26815271       0.00000000       9.91259441E-02
   3.27003860       0.00000000       9.71889347E-02
   3.27192450       0.00000000       9.52503532E-02
   3.27381039       0.00000000       9.33102071E-02
   3.27569628       0.00000000       9.13684964E-02
   3.27758217       0.00000000       8.94252136E-02
   3.27946806       0.00000000       8.74803662E-02
   3.28135395       0.00000000       8.55339468E-02
   3.28323984       0.00000000       8.35859552E-02
   3.28512573       0.00000000       8.16363990E-02
   3.28701162       0.00000000       7.96852782E-02
   3.28889751       0.00000000       7.77325928E-02
   3.29078341       0.00000000       7.57783353E-02
   3.29266930       0.00000000       7.38225058E-02
   3.29455519       0.00000000       7.18651116E-02
   3.29644108       0.00000000       6.99061453E-02
   3.29832697       0.00000000       6.79456145E-02
   3.30021286       0.00000000       6.59835190E-02
   3.30209875       0.00000000       6.40198514E-02
   3.30398464       0.00000000       6.20546192E-02
   3.30587053       0.00000000       6.00878149E-02
   3.30775642       0.00000000       5.81194460E-02
   3.30964231       0.00000000       5.61495051E-02
   3.31152821       0.00000000       5.41779995E-02
   3.31341410       0.00000000       5.22049218E-02
   3.31529999       0.00000000       5.02302796E-02
   3.31718588       0.00000000       4.82540652E-02
   3.31907177       0.00000000       4.62762862E-02
   3.32095766       0.00000000       4.42969427E-02
   3.32284355       0.00000000       4.23160270E-02
   3.32472944       0.00000000       4.03335467E-02
   3.32661533       0.00000000       3.83494943E-02
   3.32850122       0.00000000       3.63638774E-02
   3.33038712       0.00000000       3.43766883E-02
   3.33227301       0.00000000       3.23879346E-02
   3.33415890       0.00000000       3.03976089E-02
   3.33604479       0.00000000       2.84057166E-02
   3.33793068       0.00000000       2.64122561E-02
   3.33981657       0.00000000       2.44172290E-02
   3.34170246       0.00000000       2.24206336E-02
   3.34358835       0.00000000       2.04224698E-02
   3.34547424       0.00000000       1.84227377E-02
   3.34736013       0.00000000       1.64214391E-02
   3.34924603       0.00000000       1.44185703E-02
   3.35113192       0.00000000       1.24141350E-02
   3.35301781       0.00000000       1.04081314E-02
   3.35490370       0.00000000       8.40055943E-03
   3.35678959       0.00000000       6.39141910E-03
   3.35867548       0.00000000       4.38071135E-03
   3.36056137       0.00000000       2.36843526E-03
   3.36244726       0.00000000       3.54591408E-04
