  -6.28318548      0.499999881    
  -6.25805283      0.531982780    
  -6.23292017      0.563864827    
  -6.20778751      0.595545530    
  -6.18265486      0.626925886    
  -6.15752220      0.657907307    
  -6.13238955      0.688394487    
  -6.10725689      0.718294561    
  -6.08212423      0.747516632    
  -6.05699158      0.775974393    
  -6.03185892      0.803585112    
  -6.00672626      0.830270410    
  -5.98159361      0.855957031    
  -5.95646095      0.880575776    
  -5.93132830      0.904063880    
  -5.90619564      0.926364422    
  -5.88106298      0.947425723    
  -5.85593033      0.967203081    
  -5.83079767      0.985658050    
  -5.80566502       1.00275886    
  -5.78053236       1.01848066    
  -5.75539970       1.03280520    
  -5.73026705       1.04572165    
  -5.70513439       1.05722570    
  -5.68000174       1.06732047    
  -5.65486908       1.07601547    
  -5.62973642       1.08332729    
  -5.60460377       1.08927929    
  -5.57947111       1.09390092    
  -5.55433846       1.09722853    
  -5.52920580       1.09930408    
  -5.50407314       1.10017502    
  -5.47894049       1.09989512    
  -5.45380783       1.09852242    
  -5.42867517       1.09612024    
  -5.40354252       1.09275591    
  -5.37840986       1.08850050    
  -5.35327721       1.08342957    
  -5.32814455       1.07762086    
  -5.30301189       1.07115459    
  -5.27787924       1.06411338    
  -5.25274658       1.05658174    
  -5.22761393       1.04864466    
  -5.20248127       1.04038799    
  -5.17734861       1.03189731    
  -5.15221596       1.02325845    
  -5.12708330       1.01455569    
  -5.10195065       1.00587177    
  -5.07681799      0.997287631    
  -5.05168533      0.988882303    
  -5.02655268      0.980731010    
  -5.00142002      0.972905695    
  -4.97628736      0.965475321    
  -4.95115471      0.958504081    
  -4.92602205      0.952051640    
  -4.90088940      0.946172535    
  -4.87575674      0.940916717    
  -4.85062408      0.936327875    
  -4.82549143      0.932444453    
  -4.80035877      0.929298520    
  -4.77522612      0.926916122    
  -4.75009346      0.925316811    
  -4.72496080      0.924513817    
  -4.69982815      0.924513578    
  -4.67469549      0.925316274    
  -4.64956284      0.926915288    
  -4.62443018      0.929297268    
  -4.59929752      0.932443023    
  -4.57416487      0.936326027    
  -4.54903221      0.940914571    
  -4.52389956      0.946170211    
  -4.49876690      0.952048838    
  -4.47363424      0.958501101    
  -4.44850159      0.965472221    
  -4.42336893      0.972902298    
  -4.39823627      0.980727375    
  -4.37310362      0.988878727    
  -4.34797096      0.997284174    
  -4.32283831       1.00586796    
  -4.29770565       1.01455188    
  -4.27257299       1.02325475    
  -4.24744034       1.03189361    
  -4.22230768       1.04038405    
  -4.19717503       1.04864109    
  -4.17204237       1.05657852    
  -4.14690971       1.06411028    
  -4.12177706       1.07115138    
  -4.09664440       1.07761812    
  -4.07151175       1.08342731    
  -4.04637909       1.08849859    
  -4.02124643       1.09275401    
  -3.99611378       1.09611893    
  -3.97098112       1.09852171    
  -3.94584846       1.09989476    
  -3.92071581       1.10017514    
  -3.89558315       1.09930468    
  -3.87045050       1.09722984    
  -3.84531784       1.09390271    
  -3.82018518       1.08928144    
  -3.79505253       1.08333015    
  -3.76991987       1.07601893    
  -3.74478722       1.06732452    
  -3.71965456       1.05723047    
  -3.69452190       1.04572701    
  -3.66938925       1.03281116    
  -3.64425659       1.01848722    
  -3.61912394       1.00276613    
  -3.59399128      0.985665798    
  -3.56885862      0.967211366    
  -3.54372597      0.947434604    
  -3.51859331      0.926373899    
  -3.49346066      0.904074013    
  -3.46832800      0.880586207    
  -3.44319534      0.855967939    
  -3.41806269      0.830282092    
  -3.39293003      0.803597093    
  -3.36779737      0.775986552    
  -3.34266472      0.747529149    
  -3.31753206      0.718307436    
  -3.29239941      0.688407779    
  -3.26726675      0.657920718    
  -3.24213409      0.626939416    
  -3.21700144      0.595559597    
  -3.19186878      0.563878834    
  -3.16673613      0.531996727    
  -3.14160347      0.500013828    
  -3.11647081      0.468030781    
  -3.09133816      0.436148524    
  -3.06620550      0.404467553    
  -3.04107285      0.373087406    
  -3.01594019      0.342105776    
  -2.99080753      0.311618179    
  -2.96567488      0.281718045    
  -2.94054222      0.252495676    
  -2.91540956      0.224037543    
  -2.89027691      0.196426317    
  -2.86514425      0.169740438    
  -2.84001160      0.144053757    
  -2.81487894      0.119434521    
  -2.78974628       9.59457457E-02
  -2.76461363       7.36447722E-02
  -2.73948097       5.25829196E-02
  -2.71434832       3.28050405E-02
  -2.68921566       1.43494606E-02
  -2.66408300      -2.75193155E-03
  -2.63895035      -1.84742510E-02
  -2.61381769      -3.27994972E-02
  -2.58868504      -4.57164943E-02
  -2.56355238      -5.72211891E-02
  -2.53841972      -6.73164725E-02
  -2.51328707      -7.60120302E-02
  -2.48815441      -8.33244473E-02
  -2.46302176      -8.92769992E-02
  -2.43788910      -9.38993543E-02
  -2.41275644      -9.72274542E-02
  -2.38762379      -9.93034095E-02
  -2.36249113     -0.100175038    
  -2.33735847      -9.98955071E-02
  -2.31222582      -9.85232443E-02
  -2.28709316      -9.61213633E-02
  -2.26196051      -9.27573591E-02
  -2.23682785      -8.85025710E-02
  -2.21169519      -8.34318995E-02
  -2.18656254      -7.76233450E-02
  -2.16142988      -7.11573660E-02
  -2.13629723      -6.41165152E-02
  -2.11116457      -5.65849692E-02
  -2.08603191      -4.86480370E-02
  -2.06089926      -4.03914154E-02
  -2.03576660      -3.19010504E-02
  -2.01063395      -2.32621953E-02
  -1.98550117      -1.45592988E-02
  -1.96036839      -5.87538630E-03
  -1.93523562       2.70862877E-03
  -1.91010284       1.11143366E-02
  -1.88497007       1.92659646E-02
  -1.85983729       2.70913094E-02
  -1.83470452       3.45218033E-02
  -1.80957174       4.14933413E-02
  -1.78443897       4.79460955E-02
  -1.75930619       5.38253337E-02
  -1.73417342       5.90814203E-02
  -1.70904064       6.36705160E-02
  -1.68390787       6.75542504E-02
  -1.65877509       7.07004666E-02
  -1.63364232       7.30831623E-02
  -1.60850954       7.46828020E-02
  -1.58337677       7.54860938E-02
  -1.55824399       7.54865855E-02
  -1.53311121       7.46840984E-02
  -1.50797844       7.30853677E-02
  -1.48284566       7.07035661E-02
  -1.45771289       6.75581545E-02
  -1.43258011       6.36752993E-02
  -1.40744734       5.90869337E-02
  -1.38231456       5.38315326E-02
  -1.35718179       4.79530543E-02
  -1.33204901       4.15008217E-02
  -1.30691624       3.45299095E-02
  -1.28178346       2.70997584E-02
  -1.25665069       1.92748830E-02
  -1.23151791       1.11236200E-02
  -1.20638514       2.71816552E-03
  -1.18125236      -5.86569309E-03
  -1.15611959      -1.45495981E-02
  -1.13098681      -2.32524760E-02
  -1.10585403      -3.18914950E-02
  -1.08072126      -4.03821357E-02
  -1.05558848      -4.86390814E-02
  -1.03045571      -5.65764382E-02
  -1.00532293      -6.41084984E-02
 -0.980190217      -7.11499155E-02
 -0.955057502      -7.76166767E-02
 -0.929924786      -8.34259316E-02
 -0.904792070      -8.84974971E-02
 -0.879659355      -9.27532539E-02
 -0.854526639      -9.61182192E-02
 -0.829393923      -9.85211879E-02
 -0.804261208      -9.98946130E-02
 -0.779128492     -0.100175351    
 -0.753995776      -9.93050039E-02
 -0.728863060      -9.72303450E-02
 -0.703730345      -9.39035267E-02
 -0.678597629      -8.92826021E-02
 -0.653464913      -8.33315253E-02
 -0.628332198      -7.60205239E-02
 -0.603199482      -6.73263818E-02
 -0.578066766      -5.72326034E-02
 -0.552934051      -4.57293093E-02
 -0.527801335      -3.28137875E-02
 -0.502668619      -1.84900016E-02
 -0.477535874      -2.76905298E-03
 -0.452403128       1.43309683E-02
 -0.427270383       3.27852070E-02
 -0.402137637       5.25618345E-02
 -0.377004892       7.36225098E-02
 -0.351872146       9.59222466E-02
 -0.326739401      0.119409859    
 -0.301606655      0.144028127    
 -0.276473910      0.169713914    
 -0.251341164      0.196398854    
 -0.226208419      0.224009246    
 -0.201075673      0.252466679    
 -0.175942928      0.281688541    
 -0.150810182      0.311588079    
 -0.125677437      0.342075139    
 -0.100544691      0.373056531    
  -7.54119456E-02  0.404436529    
  -5.02792038E-02  0.436117262    
  -2.51464620E-02  0.467999399    
  -1.37202442E-05  0.499982536    
   2.51190215E-02  0.531965733    
   5.02517633E-02  0.563848019    
   7.53845051E-02  0.595529020    
  0.100517243      0.626909375    
  0.125649989      0.657891273    
  0.150782734      0.688378930    
  0.175915480      0.718279183    
  0.201048225      0.747501731    
  0.226180971      0.775960147    
  0.251313716      0.803571463    
  0.276446462      0.830257475    
  0.301579207      0.855944395    
  0.326711953      0.880563855    
  0.351844698      0.904052734    
  0.376977444      0.926353812    
  0.402110189      0.947415829    
  0.427242935      0.967193961    
  0.452375680      0.985649586    
  0.477508426       1.00275111    
  0.502641141       1.01847363    
  0.527773857       1.03279889    
  0.552906573       1.04571605    
  0.578039289       1.05722082    
  0.603172004       1.06731606    
  0.628304720       1.07601178    
  0.653437436       1.08332419    
  0.678570151       1.08927679    
  0.703702867       1.09389925    
  0.728835583       1.09722733    
  0.753968298       1.09930336    
  0.779101014       1.10017490    
  0.804233730       1.09989548    
  0.829366446       1.09852326    
  0.854499161       1.09612143    
  0.879631877       1.09275734    
  0.904764593       1.08850265    
  0.929897308       1.08343196    
  0.955030024       1.07762325    
  0.980162740       1.07115734    
   1.00529552       1.06411648    
   1.03042829       1.05658484    
   1.05556107       1.04864800    
   1.08069384       1.04039133    
   1.10582662       1.03190088    
   1.13095939       1.02326190    
   1.15609217       1.01455915    
   1.18122494       1.00587523    
   1.20635772      0.997291028    
   1.23149049      0.988885462    
   1.25662327      0.980733812    
   1.28175604      0.972908497    
   1.30688882      0.965478003    
   1.33202159      0.958506584    
   1.35715437      0.952053785    
   1.38228714      0.946174562    
   1.40741992      0.940918446    
   1.43255270      0.936329365    
   1.45768547      0.932445765    
   1.48281825      0.929299533    
   1.50795102      0.926916778    
   1.53308380      0.925317168    
   1.55821657      0.924513876    
   1.58334935      0.924513340    
   1.60848212      0.925315917    
   1.63361490      0.926914632    
   1.65874767      0.929296553    
   1.68388045      0.932441950    
   1.70901322      0.936324954    
   1.73414600      0.940913141    
   1.75927877      0.946168542    
   1.78441155      0.952047169    
   1.80954432      0.958499372    
   1.83467710      0.965470374    
   1.85980988      0.972900391    
   1.88494265      0.980725408    
   1.91007543      0.988876700    
   1.93520820      0.997281969    
   1.96034098       1.00586605    
   1.98547375       1.01454985    
   2.01060653       1.02325273    
   2.03573918       1.03189170    
   2.06087184       1.04038227    
   2.08600450       1.04863918    
   2.11113715       1.05657649    
   2.13626981       1.06410861    
   2.16140246       1.07114983    
   2.18653512       1.07761669    
   2.21166778       1.08342588    
   2.23680043       1.08849752    
   2.26193309       1.09275317    
   2.28706574       1.09611821    
   2.31219840       1.09852111    
   2.33733106       1.09989464    
   2.36246371       1.10017526    
   2.38759637       1.09930503    
   2.41272902       1.09723032    
   2.43786168       1.09390366    
   2.46299434       1.08928275    
   2.48812699       1.08333182    
   2.51325965       1.07602084    
   2.53839231       1.06732678    
   2.56352496       1.05723298    
   2.58865762       1.04572976    
   2.61379027       1.03281426    
   2.63892293       1.01849067    
   2.66405559       1.00276983    
   2.68918824      0.985669911    
   2.71432090      0.967215896    
   2.73945355      0.947439313    
   2.76458621      0.926378846    
   2.78971887      0.904079199    
   2.81485152      0.880591869    
   2.83998418      0.855973721    
   2.86511683      0.830288112    
   2.89024949      0.803603292    
   2.91538215      0.775993109    
   2.94051480      0.747535706    
   2.96564746      0.718314171    
   2.99078012      0.688414693    
   3.01591277      0.657927930    
   3.04104543      0.626946568    
   3.06617808      0.595566869    
   3.09131074      0.563886106    
   3.11644340      0.532004237    
   3.14157605      0.500021040    
   3.16670871      0.468038112    
   3.19184136      0.436155796    
   3.21697402      0.404474944    
   3.24210668      0.373094559    
   3.26723933      0.342112839    
   3.29237199      0.311625093    
   3.31750464      0.281724989    
   3.34263730      0.252502263    
   3.36776996      0.224043980    
   3.39290261      0.196432546    
   3.41803527      0.169746578    
   3.44316792      0.144059494    
   3.46830058      0.119440034    
   3.49343324       9.59509611E-02
   3.51856589       7.36498237E-02
   3.54369855       5.25876135E-02
   3.56883121       3.28094512E-02
   3.59396386       1.43535733E-02
   3.61909652      -2.74814665E-03
   3.64422917      -1.84708089E-02
   3.66936183      -3.27963531E-02
   3.69449449      -4.57136482E-02
   3.71962714      -5.72187304E-02
   3.74475980      -6.73142821E-02
   3.76989245      -7.60102272E-02
   3.79502511      -8.33229125E-02
   3.82015777      -8.92758071E-02
   3.84529042      -9.38983709E-02
   3.87042308      -9.72268581E-02
   3.89555573      -9.93030220E-02
   3.92068839     -0.100175008    
   3.94582105      -9.98956710E-02
   3.97095370      -9.85237360E-02
   3.99608636      -9.61220115E-02
   4.02121925      -9.27581862E-02
   4.04635191      -8.85036662E-02
   4.07148457      -8.34331289E-02
   4.09661722      -7.76245594E-02
   4.12174988      -7.11588040E-02
   4.14688253      -6.41182065E-02
   4.17201519      -5.65867051E-02
   4.19714785      -4.86497357E-02
   4.22228050      -4.03932594E-02
   4.24741316      -3.19030173E-02
   4.27254581      -2.32641250E-02
   4.29767847      -1.45612136E-02
   4.32281113      -5.87735325E-03
   4.34794378       2.70660222E-03
   4.37307644       1.11123845E-02
   4.39820910       1.92640573E-02
   4.42334175       2.70893723E-02
   4.44847441       3.45199257E-02
   4.47360706       4.14915830E-02
   4.49873972       4.79445159E-02
   4.52387238       5.38238287E-02
   4.54900503       5.90800494E-02
   4.57413769       6.36693388E-02
   4.59927034       6.75533116E-02
   4.62440300       7.06996620E-02
   4.64953566       7.30826110E-02
   4.67466831       7.46823847E-02
   4.69980097       7.54859746E-02
   4.72493362       7.54866600E-02
   4.75006628       7.46845007E-02
   4.77519894       7.30860233E-02
   4.80033159       7.07044005E-02
   4.82546425       6.75593168E-02
   4.85059690       6.36766702E-02
   4.87572956       5.90886176E-02
   4.90086222       5.38333803E-02
   4.92599487       4.79551256E-02
   4.95112753       4.15032208E-02
   4.97626019       3.45324427E-02
   5.00139284       2.71024704E-02
   5.02652550       1.92777812E-02
   5.05165815       1.11267269E-02
   5.07679081       2.72136927E-03
   5.10192347      -5.86253405E-03
   5.12705612      -1.45462453E-02
   5.15218878      -2.32490301E-02
   5.17732143      -3.18881311E-02
   5.20245409      -4.03789431E-02
   5.22758675      -4.86358255E-02
   5.25271940      -5.65732159E-02
   5.27785206      -6.41054958E-02
   5.30298471      -7.11472258E-02
   5.32811737      -7.76140690E-02
   5.35325003      -8.34236294E-02
   5.37838268      -8.84953141E-02
   5.40351534      -9.27516744E-02
   5.42864799      -9.61170271E-02
   5.45378065      -9.85203236E-02
   5.47891331      -9.98943895E-02
   5.50404596     -0.100175500    
   5.52917862      -9.93056297E-02
   5.55431128      -9.72314328E-02
   5.57944393      -9.39052105E-02
   5.60457659      -8.92850012E-02
   5.62970924      -8.33344311E-02
   5.65484190      -7.60240406E-02
   5.67997456      -6.73306733E-02
   5.70510721      -5.72374612E-02
   5.73023987      -4.57348824E-02
   5.75537252      -3.28199714E-02
   5.78050518      -1.84968859E-02
   5.80563784      -2.77660787E-03
   5.83077049       1.43227279E-02
   5.85590315       3.27762216E-02
   5.88103580       5.25522679E-02
   5.90616846       7.36122131E-02
   5.93130112       9.59112495E-02
   5.95643377      0.119398162    
   5.98156643      0.144015744    
   6.00669909      0.169701159    
   6.03183174      0.196385428    
   6.05696440      0.223995194    
   6.08209705      0.252452433    
   6.10722971      0.281673700    
   6.13236237      0.311572731    
   6.15749502      0.342059314    
   6.18262768      0.373040259    
   6.20776033      0.404420257    
   6.23289299      0.436100662    
   6.25802565      0.467982531    
